arabic/1E_favorite query:#فيتو حقيقة فيديو تلقي ابنة #بوتين #لقاح "#سبوتنيك_V" للوقاية من #كورونا https://t.co/o8j0CAEqFx #لقاح_كورونا #لقاح_كورونا_الروسي #لقاح_روسيا #اللقاح #اللقاح_الروسي 	 62
arabic/1E_favorite query:مركز القرائن في #الشارقة يدعم تجارب اللقاح للتفاصيل: https://t.co/gJiuobZf04 #نتصدر_المشهد #COVID19 https://t.co/ovrNh9l16Q 	 5
arabic/1E_favorite query:اللقاح الروسي 🇷🇺 بسحب وزير الصناعة يحتاج 17 شهر ليغطي 70% من ال146 مليون في روسيا نفسها بعد ان تصل سرعة التصنيع ل6 مليون جرعة في الشهر!! هذا اذا كان كل شخص يحتاج لجرعة واحدة فقط قلت سابقاً 👇وسأعيد ذلك، لا تعقدوا الامل على اللقاحات في انتهاء الوباء او القضاء على الفيروس قريباً https://t.co/z92vdoWdDG https://t.co/TiOMlezt5D 	 13
arabic/1E_favorite query:#روسيا تعلن إنتاج أول دفعة من لقاح #كورونا https://t.co/4bxK4wboTW 	 10
arabic/1E_favorite query:#رسمونا_ماتربطونا_بكورونا رئيس الجمهورية السيد عبد المجيد تبون يأمر الحكومة بالاتصال بتحضير كل مايلزم من اجل اقتناء لقاح فيروس كورونا فور تسويقه طيب جيد جدا نتمنى له التوفيق لكن هذا يعني ان الاموال موجودة اذا لما تمنعونها فقط على عقود ماقبل التشغيل؟ 	 1
arabic/1E_favorite query:حتى لو اخذت #لقاح_كورونا راح تبقى في الاحتياطات القمعية تلبس كمامه بالرغم انها لا تحميك تباعد اجتماعي ومع ذلك تصاب بالوهم حتى مع استخدمت المعقمات وتحليل ايجابي بالرغم من اعتراف صاحب اختراع PCR احتمالية الخطاء في الجهاز70٪ مخصص فقط لتحليل الDNA وليس الامراض الاخرى #تَكَرْوَنَ_تْ 	 13
arabic/1E_favorite query:صحيفة newsweek الأمريكية:هل تعرف من الذي اقترح النظافة الشخصية والحجر الصحي أثناء الوباء؟إنه محمد نبي الإسلام قبل 1400 عام. لم يكن أبدا خبيرًا في مسائل الأمراض الفتاكة إلا أن محمد كان لديه نصيحة رائعة لمنع ومكافحة تطور وباء مثل فيروس كورونا لقراءة المقال https://t.co/dJx7dtLB0i 	 14604
arabic/1E_favorite query:#ترامب: سنعلن قريبا عن لقاح ضد #كورونا - نأمل أن يكون اللقاح الروسي فعالاً #الحرير_نيوز https://t.co/UTcbAgOsMV 	 1
arabic/1E_favorite query:عاجل | منظمة الصحة العالمية: مذكرة التفاهم مع بنك الاستثمار الأوروبي ستفيد في تمويل أبحاث إنتاج لقاح لفيروس #كورونا 	 25
arabic/1E_favorite query:#وزارة_الصحة_الروسية تعلن رسمياً موافقتها على اللقاح الروسي الجديد المضاد لـ #فيروس_كورونا وستبدأ قريباً بإنتاج اللقاح على مستوى واسع.. عسى يا رب 🤲🏻🤲🏻 #روسيا 	 35
arabic/1E_favorite query:شركة مودرنا تقول إنها تجري محادثات مع عدة دول لتوريد لقاح فيروس كورونا وتوضح أنها تلقت بالفعل حوالي400 مليون دولار . لقاح مودرنا المرشح وصل مرحلة متقدمة لاعتماده بعد خضوع 30000شخص لتجربةإثبات أن اللقاح آمن وفعال. مودرنا تخطط لتسعير اللقاح بطريقةتضمن وصولا واسع النطاق. https://t.co/AAydibViIU 	 2
arabic/1E_favorite query:الصحة الروسية تعلن بدء انتاج اللقاح ضد فيروس كورونا المستجد: https://t.co/u0kWHWm3WE via @sputnik_ar 	 32
arabic/1E_favorite query:عاجل 🔴 . . منظمة الصحة العالمية تعلن رسمياً: هناك 6 لقاحات ضد فيروس كورونا في مرحلة متقدمة ومُبشّرة . . . جنيف 	 1184
arabic/1E_favorite query:#توضيح... تداولت عدة صفحات على مواقع التواصل الإجتماعي مقطع فيديو مرفق بالنص الآتي: (#عاجل | شاهد ابنة الرئيس الروسي تتلقى اللقاح الذي أعلن عنه فلاديمير #بوتين اليوم كأول لقاح لـ #كورونا في العالم). #الحقيقة: ١-الفيديو المتداول يعود لبداية الشهر الماضي لإحدى متطوعات الأكاديمية https://t.co/V0pxg83Rwp 	 199
arabic/1E_favorite query:وزير روسي: سنعمل على إنتاج نحو 2 مليون جرعة من لقاح #كورونا شهريا حتى نهاية العام 	 2
arabic/1E_favorite query:رئيس الصندوق الروسي للاستثمار المباشر كيريل ديمترييف للعربية: الأشخاص الذين سيحصلون على اللقاح الروسي لكورونا لن يصابوا بفيروس #كورونا لفترة زمنية.. والبعض يحاول تسييس اللقاح بسبب الشعور بالغيرة #العربية https://t.co/vUuaEFTCne 	 42
arabic/1E_favorite query:في مضمار السباق نحو إيجاد لقاح مضاد لفيروس #كورونا المستجد 🏃🏻‍♂️ تتصدر روسيا 🇷🇺 وسط مخاوف العالم 🌏 هل تملك الشجاعة لتجربة اللقاح؟ #فيديو_سبق https://t.co/laHaz3UK7z 	 44
arabic/1E_favorite query:شخص أصيب وشفي فاكتسب مناعة وشخص اخذ اللقاح فاكتسب مناعة وش الأقوى⁉️ . . Tiktok: s500s Tiktok: dr.s3od . 🔶snap: zoooooom19 . #علاج_كورونا #كرونا #لقاح_كورونا #مبشرات_كورونا #سعود_الشهري #كورونا #اخبار_كورونا #الاخبار_الحلوه #ابها #الباحة https://t.co/rX6XCNj26u 	 22
arabic/1E_favorite query:إلى أي مدى وصلت رحلة اللقاحات ضد فيروس #كورونا حول العالم؟ - المرحلة ما قبل السريرية: أكثر من 140 لقاح - المرحلة السريرية الأولى: 18 لقاح - المرحلة السريرية الثانية: 12 لقاح - المرحلة السريرية الثالثة: 6 لقاحات - مرحلة الموافقة: لقاح واحد فقط المصدر: NY Times https://t.co/8iYeaeV5BX 	 84
arabic/1E_favorite query:الصحة: مخالطة من تلقى لقاح كورونا للمصابين خطرة جدا.. يجب الحذر - https://t.co/kNPS1rHgTQ #حائل #السعودية #اخبارية_حائل https://t.co/Im9BV1IhJE 	 1
arabic/1E_favorite query:أثار السخرية عليه مجددا إذ لايوجد أصلا لقاح ضد الأيدز ترمب : العلماء الذي يعملون على تطوير لقاح ضد فيروس كورونا المستجد، هم أنفسهم من أنتجوا لقاحا ضد مرض الإيدز ❗️ https://t.co/gOEzqgzVyR 	 72
arabic/1E_favorite query:#الاتحاد_الأوروبي يحجز 300 مليون جرعة من اللقاح المنتظر #عكاظ #ان_تكون_اولا #تطبيق_عكاظ #كورونا #corona https://t.co/tLoevL6G7r 	 5
arabic/1E_favorite query:عاجل 🔴 . . وزارة الصحة تؤكد : تم التأكد من فاعلية وأمان اللقاح الصيني الجديد ضد فيروس كورونا في المرحلتين الأولى والثانية، وستنفذ المرحلة الثالثة في المملكة على 5000 متطوع كحد أدنى من الأصحاء، من هم فوق سن 18 عاماً. . . السعودية 	 2263
arabic/1E_favorite query:روسيا تسجل أول لقاح في العالم مضاد لكورونا #روسيا #كورونا #لقاح_مضاد_لكورونا #RT_Arabic https://t.co/w7FVdlVjDk 	 106
arabic/1E_favorite query:📢 لقاح فيروس 🦠 كورونا لحظة إعلان الرئيس الروسي 🇷🇺 عن التوصل للقاح فيروس 🦠 كورونا وتسجيله كأول دولة تمتلكه. إن شاء الله يكون فعال وتنتهي هذه الأزمة للأبد. https://t.co/rFd4MR3myA 	 22
arabic/1E_favorite query:#بالشفا | دراسة هولندية: لقاح السل محفز عام للمناعة وفعال ضد فيروس #كورونا https://t.co/im9P652VTE 	 39
arabic/1E_favorite query:#لقاح_كورونا | بوتين: اللقاح أثبت فعاليته أثناء الاختبارات ما يوفر مناعة دائمة من فيروس #كورونا الرابط البديل: https://t.co/4f78u1NNem https://t.co/l9kHBOsShw 	 9
arabic/1E_favorite query:ابنة #بوتين تشارك في تجربة اللقاح الروسي الجديد المضاد لـ #كورونا https://t.co/hw7OaX5bmw 	 53
arabic/1E_favorite query:تطعيم #كورونا في #روسيا اجباري ، ياليت يكون عندنا اجباري 😏 https://t.co/uvWV7altHQ 	 0
arabic/1E_favorite query:أعلن الرئيس الروسي، فلاديمير #بوتين، الثلاثاء، تسجيل بلاده أول لقاح ضد فيروس #كورونا في العالم. وأوضح أن وزارة الصحة الروسية سجلت أول لقاح في العالم ضد فيروس كورونا، بعد اجتيازه جميع الاختبارات اللازمة. https://t.co/IU74Grx2L4 	 2
arabic/1E_favorite query:في الوقت الذي بدأت فيه بعض الدول الإعلان عن إنتاج لقاح لفيروس #كورونا يُنْقَلْ عن منظمة الصحة العالمية 👇 " قد لا يكون هناك حل لأزمة كورونا على الإطلاق " 	 42
arabic/1E_favorite query:#الجزائر ستكون من "الدول الأوائل التي ستقتني" اللقاح المضاد ل #فيروس_كورونا https://t.co/07uXndtkmy https://t.co/A06oAwpfVn 	 61
arabic/1E_favorite query:#وزيرة_الصحة: توقيع اتفاقية بين #مصر و #الصين لتصنيع لقاحات فيروس #كورونا الشهر المقبل https://t.co/wCrWLnxUpz https://t.co/HJ2mlBQDia 	 63
arabic/1E_favorite query:#عاجل | الجزيرة | جامعة اكسفورد: التجارب التي أجريت على لقاح ضد فيروس كورونا أظهرت نتائج في تقوية المناعة لدى الإنسان #جريدة_الراية | #لأجل_قطر_كلنا_في_البيت https://t.co/SZ2sjor2iD 	 2
arabic/1E_favorite query:🔻 ترامب سنوفر ١٠٠ مليون جرعة من لقاح فيروس كورونا قبل نهاية العام الحالي و٥٠٠ مليون جرعة بعد ذلك #كورونا #الانتخابات_الاميركية 	 32
arabic/1E_favorite query:سيدة أمريكية تلقت جرعة واحدة من لقاح #جونسون_آند_جونسون المضاد لفيروس #كورونا لأول مرة خارج التجارب السريرية في مركز تطعيم بولاية #أوهايو.. شاهد https://t.co/lD9ulH8hi3 	 29
arabic/1E_favorite query:في بعض الحالات يلاحظ الطبيب أعراض الفيروس على الشخص ولكن نتيجة التحليل المخبري تكون سالبة، وفي هذا الحالة يتم إجراء "سكانير الصدر"، ويتفاجأ بوجود فيروس كورونا، وفي غياب اللقاح، يبقى الحل الوحيد أمامنا هو الالتزام الصارم بالإجراءات الاحترازية #المغرب #كوفيد_19 #كورونا #maroc https://t.co/hc1VC46INH 	 28
arabic/1E_favorite query:تقول شركة Pfizer الأمريكية بأن فاعلية اللقاح ستتضح في شهـر أكتوبر ، وفي حال كانت البيانات إيجابية ، محتمل بنسبة عالية أن اللقاح يحصل على ترخيص إستخدام الطوارئ من قبل FDA الخطة الإنتاجية للشركة إنتاج 100 مليون جرعة في 2020 إنتاج 1,3 مليار جرعة في 2021 https://t.co/rUPLkuaqqB 	 3
arabic/1E_favorite query:متحدثة باسم منظمة الصحة العالمية تقول إن #فيروس_كورونا مخادع ويصعب إنتاج لقاح له، وخبير سابق يشرح الأسباب👇 #معاً_نعزل_كورونا @WaelTamimi https://t.co/ozYn03nCHT 	 22
arabic/1E_favorite query:وزارة الصحة الألمانية : لقاح #فيروس_كورونا لن يكون إلزامياً . 	 22
arabic/1E_favorite query:#روسيا تعتزم أن تكون الدولة الأولى في العالم التي توافق على لقاح فيروس #كورونا في أقل من أسبوعين وسط مخاوف بشأن سلامته وفاعليته.. شاهد https://t.co/6g36y3YXVm 	 1
arabic/1E_favorite query:ترمب: لقاح فيروس #كورونا سيكون متاحا بحلول نهاية عام 2020💊 💉 #كوفيد19 #covid19 #coronaupdate #corona https://t.co/LkTixnvF8p 	 2
arabic/1E_favorite query:فاوتشي: توفر عشرات ملايين الجرعات من لقاح #كورونا قريبا https://t.co/Ov8MNhqxk1 	 12
arabic/1E_favorite query:لقاح "سبوتنيك في" يدخل مرحلة جديدة من التجارب السريرية #كورونا https://t.co/8nYdi4fTp5 	 1
arabic/1E_favorite query:لقاح كورونا لـ26 مليون (52 مليون جرعة)، بافتراض خدمة 30 د للجرعة؛ المجموع: 1.56 مليار دقيقة =433 ألف ساعة =50 سنة من عمر إنسان واحد =246 سنة عمل لإنسان واحد =54,167 يوم عمل لإنسان واحد طبعاً افترضت شخص واحد يخدم الكل؛ لذا اترك الحساب لكم! بارك الله الجهود وحفظ قيادتنا الغالية🤲🏻 https://t.co/20ikExFN38 	 8
arabic/1E_favorite query:متحدث "الصحة": العمل يجري وباستمرار من قبل الجهات المختصة للتأكد ومتابعة كل ما يستجد بشأن اللقاحات، والعمل على توفير أي لقاح يثبت اعتماده ويجمع بين أمرين: أن يكون فعالاً ومأموناً. #كورونا 	 62
arabic/1E_favorite query:لقاح #مودرنا_الأمريكية لـ #كورونا يحقق استجابات مناعية لدى كبار السن https://t.co/GHrkZxmUdg 	 42
arabic/1E_favorite query:- وزيرة الصحة البلجيكية: سنتلقى 7.5 مليون جرعة من لقاح بريطاني لكورونا https://t.co/qGhaN5b006 	 3
arabic/1E_favorite query:معارك خفية بين شركات الدواء العالمية حول حقوق انتاج لقاح ودواء ل #فيروس_كورونا ، واتهامات ألمانية لترمب بأنه حاول رشوة علماء ألمانيا .. https://t.co/8ySTTNu4MS 	 5
arabic/1E_favorite query:مركز أبحاث إسرائيلي يعلن تطوير لقاح فيروس كورونا | .. وش هالسرعة ! . https://t.co/m5wse4scI6 	 0
arabic/1E_favorite query:أفضل تطعيم طبيعي وآمن جدًا للصغار والكبار ضد كورونا هو زيت الكافور بحيث يُطلى في فتحتي الأنف قبل الخروج من المنزل وعند العودة إليه. #صباح_الخير #كورونا https://t.co/kshDcOeNrc 	 17
arabic/1E_favorite query:رئيس روسيا يعلن عن اكتشاف أول لقاح ضد #كورونا ويقول ان ابنته تم حقنها ، أتمنى له النجاح بغض النظر عن دولة الاكتشاف واتمنى أن لا تتكرر قصة هيدروكسي كلوروكين التي راهن عليها ترامب وحقن نفسه من فرط ثقته به كعلاج نهائي 	 66
arabic/1E_favorite query:من المقرر أن تبدأ الأسبوع القادم في إندونيسيا تجارب بشرية على لقاح محتمل لفيروس #كورونا في إطار تعاون بين شركة بايو فارما الحكومية للأدوية وشركة سينوفاك بايوتك الصينية. يأتي ذلك في الوقت الذي تواجه فيه إندونيسيا صعوبات في احتواء تفشي الفيروس فيها مع ارتفاع مطرد في حالات الإصابة. https://t.co/AEMVP0hUo4 	 17
arabic/1E_favorite query:سجل في التطوع لـ تجارب لقاح #كورونا أكثر من 100 الف متطوع ويرغبون في المزيد من المتطوعين لتقدم أسرع في إعتماد اللقاح ✅ https://t.co/GlOHG7dwyk 	 2
arabic/1E_favorite query:الرئيس الروسي يُعلن عن إنتاج اللقاح الأول للوقاية من #كورونا ويقول بأن إبنته قد تم تطعيمها باللقاح: https://t.co/87RnDXNSlY 	 3
arabic/1E_favorite query:قبل أن يخرج علينا أحدهم بفتوى تبيح لقاح #كورونا ... هذا وبكل وضوح "تغيير لخلق الله" كما وعد به إبليس وينفذه الآن جنوده من الإنس.. اللهم قد بلغت،، اللهم فاشهد.. https://t.co/f2jboT3zMw 	 11
arabic/1E_favorite query:د. فاوتشي: لا يوجد ضمان بأن اللقاح الجاري تطويره سيكون فعالا، أو أن فعاليته إن وُجدت ستدوم لمدة طويلة بعد الحقن، لكن يساورني تفاؤل حذر ازاء توفر لقاح مرشح يؤمن الحماية للأميريكيين ضد #فيروس_كورونا يقصد أن اللقاح الجاري تطويره سيؤمن الحصانة لكن مدة دوامها في الجسم غير معروفة. 	 52
arabic/1E_favorite query:#الامارات .. 31 ألف متطوع يشاركون في اختبارات المرحلة الثالثة لـ #لقاح #كورونا #فيروس_كورونا #كوفيد_19 #صباح_الخير #بوابة_الأخبار https://t.co/wXAjIY6kMX 	 2
arabic/1E_favorite query:عاجل | منظمة الصحة العالمية: حتى الآن لا يوجد لقاح لفيروس #كورونا ونحن مستمرون في دعم الجهود الساعية لذلك 	 64
arabic/1E_favorite query:وزارة الصحة: تم التأكد من فاعلية وأمان اللقاح في المرحلتين الأولى والثانية. وتستهدف التجربة 5 آلاف متطوع داخل المملكة في 3 مدن هي: مكة والرياض والدمام. https://t.co/4FMgeg3kNO 	 14
arabic/1E_favorite query:أكد وزير الصحة العماني يوم الأربعاء أن "الحصول على لقاحات مرض فيروس #كورونا الجديد (كوفيد-19) يتوقف على ما بعد الاعتمادات الدولية لها والتأكد من كفاءتها ومدى مأمونيتها وجاهزيتها للاستخدام". وأعلنت وزارة الصحة العمانية يوم الأربعاء أن نسبة الشفاء من المرض بلغت 93.6% في السلطنة. 	 13
arabic/1E_favorite query:وتفضل معالي الشيخ محمد بن عبدالله آل خليفة بتدشين المرحلة الثالثة للتجارب السريرية على لقاح فيروس كورونا، وذلك بالتعاون مع القائمين على التجربة في دولة الإمارات العربية المتحدة الشقيقة وشركاء المبادرة من جمهورية الصين الشعبية. #البحرين #كورونا https://t.co/qfJjfozo7H 	 7
arabic/1E_favorite query:قال إن إحدى بناته تلقت التطعيم.. #بوتين يعلن عن إنتاج أول لقاح لــ #كورونا و20 دولة تقدمت لشراء مليار جرعة https://t.co/qCgHDs9xWh 	 5
arabic/1E_favorite query:حرب القنصليات بين #أمريكا والصين يأخذ منحى تصعيدي مع اتهامات الولايات المتحدة #بكين بالتجسس ومحاولة سرقة أبحاث حول لقاح #كورونا ما يذكرنا بحادثة عام 2013 يوم اتهمت #الصين الولايات المتحدة بالتجسس من خلال سفارات وقنصليات بلادها.. https://t.co/tBrvaUg5QG 	 39
arabic/1E_favorite query:خبراء يجمعون على أن نتائج تلقي المتطوعين في العاصمة الإماراتية #أبوظبي جرعات من لقاح فيروس #كورونا غير النشط جاءت مشجعة https://t.co/31KkBMxCIO 	 16
arabic/1E_favorite query:كوكب الأرض بسبب فايروس كورونا الان هو في قمة النشاط و السعادة، حيث لوحظ انحسار كبير في نسبة الغازات الملوثة والغازات المسببة للاحتباس الحراري في أغلب دول العالم نتيجة تأثيرات انتشار الفيروس على الأعمال وحركة السفر والتنقل، و ان نسبة غاز أول أكسيد الكربون قد انخفضت بنسبة 50% ❤🌍 https://t.co/u3DsVqBGXT 	 16397
arabic/1E_favorite query:منظمة الصحة العالمية نناقش مع السلطات الصحية الروسية للقاح المكتشف حديثا ضد #فيروس_كورونا ،، والمناقشات جارية فيما يتعلق بالتأهيل المسبق للمنظمة بخصوص اللقاح، ولكن مرة أخرى يشمل التأهيل المسبق لأي لقاح مراجعة وتقييما صارمين لجميع بيانات السلامة والفعالية المطلوبة . 	 2
arabic/1E_favorite query:المانيا تشكك في جدوى اللقاح الروسي! طيب بنفس المبدأ شركة مودرنا ... تبيع 100 مليون جرعة للحكومة الأمريكية قبل نهاية المرحلة الثالثة وعلى وعد شراء ٤٠٠ مليون لاحقا بسعر 15$ للجرعة U.S. To Buy 100 Million Doses Of Moderna Coronavirus Vaccine via @forbes https://t.co/dHLUF0I7R6 https://t.co/KGMBBai7xC 	 12
arabic/1E_favorite query:حديث تتناقله وسائل إعلام مختلفة:أن كبير الأطباء الروس Professor Alexander Chuchalin استقال من منصبة رفضاً لتسجيل اللقاح الروسي ل COVID-19 قبل التأكد علمياً من سلامته وهذا يعد انتهاكاً جسيماً لأخلاقيات مهنة الطب .. https://t.co/fT6jbiMMXw 	 5
arabic/1E_favorite query:#متحدث_الصحة: المملكة تشارك بكل الجهود العالمية لدعم جميع الأبحاث ودعم توفير لقاحات أو علاجات ناجحة لمقاومة فيروس #كورونا https://t.co/gdnzfFv60Y 	 5
arabic/1E_favorite query:لقاح #كورونا اليديد شيطاني هو تخريب الحمض النووي وتركيبه يخلي الواحد عبد ل #بيل_غيتس ويجعله يتحكم فيكم بزرع تشب صغيرة ليست سهل الازاله لسهولة التحكم والتلاعب فيكم. سألوا نفسكم من متى صار دكتور في علم الحمض النووي بعد ماكان يخترع كمبيوترات يعني عادي جك بوم صار فيك فيروس تروجان https://t.co/UXgdKL0VsA 	 2
arabic/1E_favorite query:فيديو 🔴 .  . بكلمات من قلب صادق ..  شاهد رجل أمن يوجه نصيحة أبوية لمجموعة من الشباب خرجوا في رحلة برية متجاهلين التحذيرات المتكررة. .  . فيروس كورونا  . https://t.co/woHDweSMaS 	 5139
arabic/1E_favorite query:#ترمب يتعهد بتوفير لقاح لفايروس #كورونا قبل نهاية العام. #عكاظ #امريكا #ان_تكون_اولا #تطبيق_عكاظ https://t.co/H0yA6xzw9Y 	 6
arabic/1E_favorite query:#فكر_من_جديد ✋🤔 تشير التقارير الصحفية المتزامنة إلى إمكانية تفويض لقاح ضد الكوزيفت-19 على مستوى الاتحاد الأوروبي ، نقلاً عن وزير العدل البلجيكي قوله: "إذا رفضوا ، فسنجبرهم على ذلك". الدكتاتورية تحت عنوان الصحة. أنت لست حر حتى في جسدك فنحن نملكه الآن. https://t.co/nGuEuyJVbs 	 8
arabic/1E_favorite query:يأمل رئيس الفلبين في تلقي لقاحات روسية مجانية ضد فيروس كورونا ، وأعرب عن استعداده ليكون أول من يختبرها على نفسه . 	 5
arabic/1E_favorite query:لقاح #فيروس_كورونا (كوفيد-١٩) آمن وفعال بنسبة ٨٦٪ في الوقاية من الفيروس، و٩٩٪ في إنتاج الأجسام المضادة و ١٠٠٪ في الوقاية من الوصول للحالات المتوسطة والشديدة 👌 لحجز اللقاح: https://t.co/uhgl2NVHGQ للمزيد من المعلومات والاستفسار يرجى الاتصال على الخط الساخن: ١٥٣٣٥ #معًا_نطمئن https://t.co/5Z4lZ2PoFD 	 89
arabic/1E_favorite query:وزيرة الصحة : #مصر تشارك 6 جهات دولية للحصول على لقاحات #فيروس_كورونا للمزيد : https://t.co/iqupvqDMIv https://t.co/X7lRejaXXG 	 12
arabic/1E_favorite query:حالياً أكثر من 140 مختبر حول العالم يقومون بتطوير لقاح ضد #فيروس_كورونا منهم من وصل للمرحلة الثالثة (الأخيرة) والنتائج مبشرة مع اختلاف التفاصيل التقنية في طرق تصنيع اللقاح وتحفيز الجهاز المناعي لإنتاج أجسام مضادة 	 5
arabic/1E_favorite query:بينما يعتمد العالم على #شركات_الأدوية الكبرى، لإنتاج علاج لـلوباء الحالي تتاسبق أسهم هذه الشركات لمزيد من الارتفاعات والتي يجني من ورائها المتداولون الأرباح! فما أبرز #أسهم شركات الأدوية التي ارتفعت؟ وهل تعتقد بقرب انتاج لقاح ينهي #الجائحة ؟ #تداول #لقاح #أسهم #استثمار https://t.co/fcJ9NMEkRx 	 32
arabic/1E_favorite query:هناك فقط دولتين قامتا بإعتماد لقاح ل #فيروس_كورونا دون وجود أي دليل علمي على فعاليته وأمانه وهما روسيا والصين، الولايات المتحده تريد أنت تكون الدوله الثالثه. تأكدوا أن الأمر متعلق بالإنتخابات الأمريكيه، #ترمب يريد الفوز بأي ثمن. https://t.co/1Phi2evvfy 	 4
arabic/1E_favorite query:وزارة الصحة الروسية: تم إنتاج الدفعة الأولى من #لقاح فيروس #كورونا https://t.co/7ISfLOzpVT #روسيا 	 13
arabic/1E_favorite query:مصر تعلن عن استعدادها لتوقيع اتفاقية كبرى مع الصين لتصنيع لقاح فيروس كورونا عاجل https://t.co/86UBVyIQWi 	 54
arabic/1E_favorite query:روسيا: إنتاج لقاح #كورونا الروسي "سبوتنيك" سيبدأ في سبتمبر المقبل.. و20 دولة قدمت طلبات للحصول عليه. https://t.co/lTlByN7QGn 	 9
arabic/1E_favorite query:أميركا قد تضطر إلى الاستمرار في فرض إجراءات العزل الاجتماعي مثل أوامر البقاء في المنزل وغلق المدارس حتى عام 2022 ما لم يتم التوصل إلى لقاح لعلاج كورونا . دراسة لباحثين في مجال الصحة العامة بجامعة هارفارد . تتعارض تماما مع ما يروج له البيت الأبيض. https://t.co/F91BeAOrDr 	 0
arabic/1E_favorite query:المفوضية الأوروبية تعلن أن الاتحاد الأوروبي توصل لاتفاق مع شركة /أسترازينيكا/ البريطانية للأدوية لشراء ما بين 300 إلى 400 مليون جرعة من لقاح فيروس كورونا /كوفيدـ19/ في حال توفره، وتعتزم المفوضية شراء الجرعات نيابة عن الأعضاء الـ 27 . #قنا 	 2
arabic/1E_favorite query:#ترامب: سنعلن قريبا عن لقاح ضد #كورونا #الإمارات_اليوم 	 3
arabic/1E_favorite query:#وزارة_الصحة تعلن رسمياً: العمل يجري حالياً لتهيئة وإجراء الاستعدادات للبدء في تجربة اللقاح الصيني الجديد ضد فيروس كورونا في ثلاث مدن رئيسة هي #الرياض و #الدمام و #مكة_المكرمة #الرياض #الدلم #السعودية https://t.co/LhIQLtkG84 	 3
arabic/1E_favorite query:تايمز اوف إنديا:الفريق البحثي لجامعة اكسفورد يعلن : - ابحاث المرحلة الثالثة تنتهي في نوفمبر 2020 - اللقاح لن يكون جاهز قبل منتصف 2021 - حافظ علي نفسك انت وهوه وهيه!https://t.co/2uUt45J3Sa 	 5
arabic/1E_favorite query:الصحة الألمانية تعرب عن تحفظها إزاء اللقاح الروسي المضاد لفايروس #كورونا وأن ليست هناك بيانات معروفة بعد تتعلق بجودة وفعالية وعدم خطورة المصل الروسي .. 	 17
arabic/1E_favorite query:#سبوتنيك_انفوجرافيك | بتكنولوجيا فريدة... لقاح #كورونا الروسي ذو ناقلين ضد الفيروس شاهد المزيد وتعرف على أول #لقاح لكورونا https://t.co/JO1n72jjVR https://t.co/e3282tqhBU 	 16
arabic/1E_favorite query:ألم نقل بأن اللقاح الروسي أمر مبشر وسيسرع من خروج لقاحات أخرى .. ها هي شركة #مودرنا الأمريكية بدأت بتوقيع العقود لبيع عقارها. هي في الأخير وجبة دسمة للشركات العالمية وفرصة لا تعوض. ما يهمنا هو وجود لقاح آمن ينهي معاناة العالم أياً كان مصدره. #كورونا #كوفيد_19 #بوتين #ترامب #صحة https://t.co/VRXq1ylNW6 	 98
arabic/1E_favorite query:اكتشاف جديد في أجسام مصابي كورونا يبشر بمكافحة "أسرع" من ابتكار اللقاح https://t.co/Ok8nXZnszE #كورونا https://t.co/bno8xLDoQK 	 10
arabic/1E_favorite query:الرئيس الروسي "بوتين" يُعلن عن تسجيل أول لقاح ضد فيروس كورونا في العالم. (خبر) https://t.co/VittMz9NsV 	 98
arabic/1E_favorite query:هذا اللقاح يقول بوتين اجتاز كل الاختبارات وتم تسجيله.. اخبار جميلة جداً جداً عالصبح اقدر اقوليكم صباحكم جميل 🌸❤️ https://t.co/x4usMCNeGH 	 5
arabic/1E_favorite query:#روسيا تعمل على تطوير عدة لقاحات محتملة لـ #كورونا في الداخل، كما أنه من المقرر أن تبدأ التجارب الأخيرة للقاحها #سبوتنك_5 الأسبوع المقبل. https://t.co/D1dT6vgv2O 	 25
arabic/1E_favorite query:لم يبق القطاع الصحي بمنأى عن السياسة الامريكية ضىد #ايران المتمثلة في ممارسة الضغوط القصوى عليها حيث ادت هذه السياسة الى الاخلال بالنظام العلاجي في ظل تفشي فيروس #كورونا وقد تضع عراقيل امام حصول ايران على لقاح لهذا الفيروس في حال انتاجه https://t.co/aqOU8VfyIN https://t.co/AOy9wD658V 	 3
arabic/1E_favorite query:اميركا : غير متأكدين من فعالية اللقاح الروسي وسلامته #خبرني #كورونا #أميركا #روسيا https://t.co/PkKXgMFPqm 	 10
arabic/1E_favorite query:روسيا: سعر لقاح فيروس كورونا سيكون متاحاً ، والإنتاج في نوفمبر.(العربية) 	 942
arabic/1E_favorite query:جامعة أوكسفورد: حظوظ نجاح لقاح #كورونا 50% https://t.co/blq43ZAex8 #كوفيد_19 #فيروس_كورونا #البيان_أربعون_عاما #البيان_القارئ_دائما https://t.co/vbRizkj8Qq 	 3
arabic/1E_favorite query:إصابة عاملين بمشروعات كأس العالم في قطر بـ #كورونا #العربية_عاجل https://t.co/a1vIGVFnOW 	 230
arabic/1E_favorite query:جامعة أوكسفورد البريطانية تعلن بدء اختبار لقاح مضاد لـ #كورونا على البشر الخميس المقبل https://t.co/G00Saq9dfZ 	 81
arabic/1E_favorite query:أستراليا ستنتج لقاحا ضد الوباء وتوزعه مجانا على مواطنيها #كورونا https://t.co/AUrvW6rctK 	 1
arabic/1E_favorite query:العلاقة بين الطب والسياسة؟ الحديث عن لقاح #كورونا هو السائد عالميا. ارتبطت ازمة #كورونا بالبعد السياسي والإقتصادي والإجتماعي والأمني والطبي..قد يظهر لنا مصطلح سياسي جديد.(الطب السياسي)(*medic-politics)* #محمد_الحربي https://t.co/CA9Y08mhPc 	 7
arabic/1E_favorite query:🔻"الرئيس الروسي فلاديمير بوتين يعلن عن تسجيل أول لقاح ضد فيروس كورونا في العالم. يتوقع بدء الانتاج في سبتمبر واعطاء الجرعة الاولى في اكتوبر." روسيا اليوم. https://t.co/LNLAvcyPZO 	 35
arabic/1E_favorite query:صرحت هيئة سلامة الدواء والغذاء الأمريكية (FDA) أنها على استعداد لتسريع انتاج لقاح كورونا بعدم استكمال المرحلة الثالثة من دراسة اللقاح. تصريح قد يهز ثقة الناس باللقاح والصحة الوقائية عموماً، مهما كانت العوائد السياسية والمادية لذلك صحة البشر أولوية وخط أحمر لا يمكن تجاوزه لأي سبب! https://t.co/WvBW53XpVl 	 63
arabic/1E_favorite query:الرئيس الروسي بوتين يعلن من موسكو عن تسجيل بلاده رسمياً أول لقاح ضد فيروس كورونا المستجد COVID-19 https://t.co/Atr3ouDEAC 	 2
arabic/1E_favorite query:فيديو | شاهد لحظة حصول ابنة الرئيس الروسي على لقاح #كورونا الروسي الذي أثبت فعاليته حسبما اعلن الرئيس #بوتين #الجسرة_الاخبارية https://t.co/z5P5wcAvhV 	 13
arabic/1E_favorite query:وزير الصحة الأمريكي: أي لقاح لـ #فيروس_كورونا نتوصل إليه سيصبح متاحا لبقية العالم فور تلبية احتياجاتنا https://t.co/alarla20Qn 	 11
arabic/1E_favorite query:اعراض لقاح اكسفورد اليوم السابع: ألم بمناطق مختلفة بالجسم مره باليد ومرات بأماكن متفرقة مع ألم بسيط بالمفاصل. اعراض لقاح اكسفورد اليوم الثامن: مافي ولاشي ، ولا اي اعراض احسها راحت تماما اليوم الثامن ✅ 	 5
arabic/1E_favorite query:تنفيذ أول حملة تطعيم ضد #شلل_الأطفال على مستوى العالم في ظل تفشي فيروس #كورونا المستجد، ضمن مبادرة الشيخ #محمد_بن_زايد آل نهيان https://t.co/7AesBy8EPc 	 86
arabic/1E_favorite query:#عاجل | رئيس شركة #الصين الوطنية للصناعات الدوائية: لقاح فيروس #كورونا سيكون متاحًا تجاريًا بحلول نهاية العام الجاري. #بوابة_الأخبار https://t.co/SULCtEzK9M 	 1
arabic/1E_favorite query:أكدت قدرتها على إجراء مليون فحص يومياً #الصين تبدأ المرحلة الثانية من اختبار لقاح ضد #كورونا #جريدة_الراية | #لأجل_قطر_كلنا_في_البيت | #قطر https://t.co/rWqiuVuOK5 https://t.co/GPIwkoUYgr 	 2
arabic/1E_favorite query:اسرة روكفلر المتحكمة ببنوك العالم وازمة انتاج لقاح #كورونا #rockfeller https://t.co/1DUHHXztVl via @YouTube 	 0
arabic/1E_favorite query:اكثر من 3 ايام على اخذ لقاح استرازينيكا .. ولله الحمد ماشعرت بأي اعراض بما فيها الاعراض المتوقعة من سخونة وخمول و... الخ 🙏🏼 لذلك انصح الجميع بعدم تصديق الشائعات حول #لقاح_كورونا وبالتسجيل واخذ اللقاح فهو آمن بمشيئة الله.. وتذكروا بأن عودتنا للحياة الطبيعية مرهونة بأخذ اللقاح 👍🏼 https://t.co/hIQNUTXzAs 	 17
arabic/1E_favorite query:بالنسبة للقاح #فيروس_كورونا الروسي: •بوتين أعلن عن تسجيله كلقاح معتمد قبل انتهاء المرحلة3 من التجارب، وهي مرحلة يخوضها حاليا 4 لقاحات بالعالم بينها الأمريكي. •تجارب المرحلة 3 مهمة لأنها تشمل فئات أوسع من المجتمع(الاف المتطوعين) لضمان أن اللقاح آمن للجميع https://t.co/k1eezBzys1 	 126
arabic/1E_favorite query:لأن المواطنين والمقيمين في #الامارات يحصلون على لقاحات ضد #فيروس_كورونا مجانًا؛ حصلت شقيقتي #ملك_أسبانيا السابق "المنفي اختياريًا في #أبوظبي - على الجرعتين"، لكن ذلك أغضب الأسبانيين الذين اعتبروه تمييزًا عن الآخرين. 	 4
arabic/1E_favorite query:#روسيا تعلن رسمياً انتاج اول لقاح فعّال ضد #فيروس_كورونا اللهم ارفع الوباء والبلاء عن العالم. #كورونا #روسيا https://t.co/a96IjJquOC 	 30
arabic/1E_favorite query:سعادة وزيرة الصحة العامة تدعو فئة كبار السن وجميع الأشخاص الذين يستوفون معايير الحصول على لقاح #كوفيد19 إلى عدم تأجيل البدء في عملية التطعيم https://t.co/Pow6ULzAE7 	 37
arabic/1E_favorite query:🎥 #فيديو | الرئيس الروسي يعلن تسجيل بلاده أول لقاح في العالم ضد #كورونا.. ويؤكد: 20 دولة طلبت مليار جرعة ✍️ يوسف عبدالله @Yosef_abdullah 🎬 رانيا الحارثي @Rania_Huss #عكاظ #ان_تكون_اولا #تطبيق_عكاظ #corona https://t.co/qmpRPXVRVm https://t.co/73YjLmZkBK 	 272
arabic/1E_favorite query:ديلي ميل البريطانية: البروفيسور الروسي الكسندر تشوتشالين كبير اطباء الجهاز التنفسي في روسيا؛يعلن استقالته من لجنة الاخلاقيات بوزارة الصحة، على خلفية تسريع انتاج لقاح #كورونا وما يترتب على ذلك من خطورة على صحة الأنسان . 	 12
arabic/1E_favorite query:أكد سفير #روسيا في بيروت ألكسندر زاسيبكين أنه سيبذل أقصى جهوده لتأمين تصدير اللقاح الروسي ضد فيروس #كورونا في أقرب فرصة ممكنة إلى #لبنان. وأشار إلى أن إنجاز هذه العملية ينتظر استكمال الخطوات التمهيدية والإجراءات الرسمية في روسيا 	 7
arabic/1E_favorite query:#عاجل | #الصحة_العالمية : لا يوجد لقاح حتى الآن لفيروس #كورونا https://t.co/u4t8ttAhRw 	 9
arabic/1E_favorite query:تقرير / بيل غيتس اعلن عن تمويل 750 مليون دولار لانتاج 2 مليار جرعة من لقاح اوكسفورد لفايروس #كورونا لقاح اوكسفورد قيد التطوير حالياً لكن مع نتائج ايجابية ومتوقع ان يتم انتاجه بشكل نهائي اوآخر هذا العام 👌🏼 https://t.co/UQj5HzmJOA 	 84
arabic/1E_favorite query:جولدمان ساكس يرفع توقعاته بشأن النمو الإقتصادي للعام 2021، بعد البيانات المتفائلة بشأن توقيت إنتاج لقاح #كوفيد19 https://t.co/d5LDZcREN6 	 8
arabic/1E_favorite query:لقاح جديد لـ #كورونا مصدره التبغ 🚬🚬 https://t.co/sukLFwmmh5 	 3
arabic/1E_favorite query:أصدرت إدارة الدواء الصينية إرشادات للتقييم السريري لقاحات فيروس #كورونا الجديد. يجب أن يكون اللقاح المرشح مناسبا لجميع الأعمار، بما في ذلك النساء الحوامل والمرضعات؛ على الأقل للبالغين، بما في ذلك كبار السن. يفضل أن يوفر اللقاح الحصانة لمدة سنة أو أكثر، و 6 أشهر على الأقل. 	 95
arabic/1E_favorite query:فرحا بعد أخذه #لقاح_كورونا.. كندي من أصول هندية يؤدي رقصة البنجاب الشهيرة #فيروس_كورونا #هنا_المملكة https://t.co/psFG1PYCzl 	 33
arabic/1E_favorite query:هل يجب عمل مسحة قبل أخذ التطعيم ؟ #كورونا #لقاح_كورونا @paediatrician_ https://t.co/FqrwdeOaPB 	 10
arabic/1E_favorite query:🇷🇺 الرئيس الروسي فلاديمير بوتين يرد على المشككين بلقاح #فيروس_كورونا "سبوتنيك في" معلومة💡: وفقاً لشبكة CNBC أظهرت نتائج محاكاة حاسوبية أميركية أنه إذا حصل 75% من السكان على لقاح فيجب أن يكون فعالاً بنسبة 80٪ على الأقل لإنهاء العدوى بشكل كامل #نلتزم_لننتصر #شغف_بالمعرفة https://t.co/gZW9KBgj7Z 	 16
arabic/1E_favorite query:عاجل | منظمة الصحة العالمية: لم نتلق المعلومات الكاملة بشأن اللقاح الروسي لفيروس #كورونا لذا لا يمكننا تقييمه حاليا #روسيا 	 102
arabic/1E_favorite query:لمن يقول لن آخذ #لقاح_كوفيد_19 واذا تعرضت للمرض بتعدي وسأحصل على مناعة #نصيحة لا تغامر بنفسك لي زميل دراسة يعمل حاليا في القطاع الصحي ببريطانيا ما زال في بداية الاربعينات وصحته ممتازة اصيب ب #كوفيد_19 وبعهدها دخل العنايةالمركزة لفترةوحصلت له مضاعفات-نادرة-عصبية وتشنجات شافاه الله 	 51
arabic/1E_favorite query:الصحة تكشف عن أول مستشفى معتمد متخصص في توفير تطعيم كورونا بالمملكة https://t.co/bd01vKZldl https://t.co/biUfzcHqFE 	 0
arabic/1E_favorite query:بوتين يعلن تسجيل أول لقاح ضد فيروس #كورونا في العالم: ابنتي حصلت عليه. https://t.co/UbMEpPBElk https://t.co/z3YXTQM4TF 	 311
arabic/1E_favorite query:#تونس تعمل على تطوير لقاح ضد #كورونا https://t.co/RLgnGHpiWx https://t.co/6flXHgYHmj 	 5
arabic/1E_favorite query:الولايات المتحدة.. الأساقفة الكاثوليك يدعون لعدم تلقي لقاح "جونسون" https://t.co/ojQg0WdnQQ 	 23
arabic/1E_favorite query:لقاح 'Sputnik V' الروسي لفيروس #كورونا يتصدر العناوين اليوم .. ولا بيانات رسمية من قبل الباحثين وشكوك حول سلامته فهل سنشهد بداية النهاية للفيروس؟ #الصحة_أغلى_من_المال https://t.co/d6oBB2uii9 	 30
arabic/1E_favorite query:موسكو: تلقينا طلبات من أكثر من 20 دولة للحصول على نحو مليار جرعة من اللقاح ضد #كورونا https://t.co/nbQtVLmKpA #rtarabic 	 51
arabic/1E_favorite query:#الصين تعلن طرح لقاح #كورونا بنهاية شهر ديسمبر المقبل https://t.co/kNI7jMYzs5 	 55
arabic/1E_favorite query:هذه هي ردة فعل #الذهب على أخبار تطوير #روسيا لأول لقاح ضد #كورونا والتفاؤل المستمر في #الأسواق_العالمية #السلع #الأسواق_الآن https://t.co/jIhI0RkEpY 	 24
arabic/1E_favorite query:#الشروق| يريد السيطرة بتوفير لقاح.. ما حقيقة مزاعم وقوف بيل جيتس وراء وباء كورونا؟ التفاصيل👇 https://t.co/6ul9icbSJf #كورونا #فيروس_كورونا https://t.co/RsuJFJahcx 	 11
arabic/1E_favorite query:عاجل 🔴 . . ترامب يعلن عن شراء أمريكا 100 مليون جرعة من لقاح فيروس كورونا من تطوير شركة موديرنا والذي يخضع حاليًا للتجارب البشرية في المرحلة الأخيرة. . . أمريكا 	 304
arabic/1E_favorite query:يجري على مستوى العالم تطوير أكثر من مئة لقاح محتمل سعيا لوقف وباء #كورونا . وتشير منظمة الصحة العالمية إلى أن أربعة لقاحات على الأقل وصلت إلى المرحلة الثالثة الأخيرة من التجارب على البشر وهي ثلاثة لقاحات في #الصين ولقاح في #بريطانيا. 	 39
arabic/1E_favorite query:الدكتورة منية مخول الباحثة المشاركة لمرحلة ما بعد الدكتوراة في جامعة وايل كورنيل قطر للطب تتحدث عن أهمية اكتشاف لقاح ضد فيروس #كورونا عبر برنامج #المسافة_الاجتماعية .. #لأجل_قطر_كلنا_في_البيت #forqatarstayhome https://t.co/JCZPwPkPdl 	 4
arabic/1E_favorite query:#روسيا تعلن عن تسجيل لقاح لفيروس #كورونا هذا الشهر مع خطط لإنتاجه بكميات كبيرة في سبتمبر وسط مخاوف واسعة النطاق من أن الاختبار البشري للقاح غير مكتمل https://t.co/aMwRwMwlNE 	 45
arabic/1E_favorite query:خريطة ورسم بياني للدول التي تجري دراسات على لقاح لـ #كورونا #كوفيد١٩ الدول العربية غائبة عن المشهد https://t.co/aDA5KGOATz 	 15
arabic/1E_favorite query:لقاح #كورونا قريب جداً ومصدره الصين متفوق على اللقاحات الأخرى متجاوزاً مرحلتين اختبارية والآن في مراحله التجريبية الأخيرة https://t.co/uVojnFxNdC 	 2
arabic/1E_favorite query:الإتحاد السوفيتي سجل أول رحلة لإستكشاف الفضاء في سنة 1957 ومن ثم سجل أول رحلة بشرية للفضاء الخارجي سنة 1961 وفي سنة 2020 أعلن اليوم #بوتين تسجيل #روسيا أول لقاح في العالم ضد فايرس #كورونا . . دول تبنى وتتطور بدعم الأبحاث العلمية بينما نحن لازلنا نتصارع على برميل نفط . #ليبيا 	 41
arabic/1E_favorite query:#روسيا: تنتج 2 مليون جرعة شهرياً من لقاح #كورونا ، خلال نهاية العام الحالي. 	 1
arabic/1E_favorite query:محافظ مطروح يشهد انطلاق تطعيم أصحاب الأمراض المزمنة وكبار السن بلقاح كورونا.. غدا https://t.co/dO4dHTQ4h0 	 3
arabic/1E_favorite query:#إيطاليا تبدأ تجربة لقاح محتمل لـ #كورونا على متطوعين https://t.co/WUUAPaSeg5 #البيان_القارئ_دائماً 	 3
arabic/1E_favorite query:علماء وباحثين استغربوا الثقة التي تحدث بها الروس حول نجاعة لقاحهم دون تقديم بيانات علمية دقيقة تؤكد أقوالهم.. حملة سخرية وتهكم وتشكيك بحق لقاح #بوتين ضد #كورونا #العربية https://t.co/2rWCBZuxoQ 	 13
arabic/1E_favorite query:#روسيا: #أمريكا ترفض مساعدتنا في لقاح #فيروس_كورونا https://t.co/PJ4gb8VYeH 	 50
arabic/1E_favorite query:الرئيس الأمريكي دونالد ترمب يقول إن من الممكن أن يتوفر لقاح لفيروس #كورونا في الولايات المتحدة قبل موعد الانتخابات الرئاسية المقرر إجراؤها 3 نوفمبر/تشرين الثاني، في توقع أكثر تفاؤلاً بكثير من التوقيت الذي يراه خبراء الصحة في البيت الأبيض https://t.co/fO1JAi2WN9 	 32
arabic/1E_favorite query:#منظمة_الصحة_العالمية تؤكد أن المرحلة التي تسبق الترخيص للقاح #كورونا "يجب أن تخضع لآليات صارمة"، و #روسيا تحدد تاريخ طرح اللقاح للتداول .. المزيد من التفاصيل في هذا الخبر! https://t.co/gxwgvxtjeK 	 80
arabic/1E_favorite query:ممثل الصحة للنواب: تعاقدنا على 40 مليون جرعة لقاح كورونا ستصل مصر تدريجيا https://t.co/vJNx25sctA https://t.co/ctNZBrUFSa 	 35
arabic/1E_favorite query:#مع_الحكيم خبير بمنظمة الصحة يستبعد توفر لقاح لكورونا قبل 2021 ☹️ استبعد المدير التنفيذي لبرنامج الطوارئ في منظمة الصحة العالمية " مايك رايان"، إمكانية التوصل للقاح ضد #كوفيد_19 قبل العام المقبل، وفق ما أوردت وكالة رويترز... #كوفيد19 #covid19 #corona #كورونا_المستجد https://t.co/6raGljHHBq 	 1
arabic/1E_favorite query:الصين تسجل ثاني لقاح ضد #كورونا بعد روسيا 👇👇 https://t.co/KMhh8FlQc9 https://t.co/xicEfWZq6e 	 39
arabic/1E_favorite query:عاجل 🔴  .  .  وزير الصحة :   بدأنا باستخدام علاج الملاريا لعلاج بعض المصابين بفيروس كورونا في المملكة . .  . #السعوديه 	 4784
arabic/1E_favorite query:ونختم حملة #خذه_وتطمن بأهم الشائعات والحقائق حول لقاح كورونا ⭕️⭕️ https://t.co/u4hzV8UKxY 	 4
arabic/1E_favorite query:#روسيا تقول إن عشرين دولة طلبت مليار جرعة من لقاح فيروس كورونا الجديد، والذي أسمته "سبوتنيك" وبدأت بإعطائه للعاملين في المجال الطبي وكبار السن. وقد أعلن بوتين أن ابنته أخذت اللقاح. 	 30
arabic/1E_favorite query:الرئيس الفيليبيني يتطوع لتجربة لقاح #كورونا الروسي على نفسه #الاخبار_الحلوه #فيروس_كورونا_المستجدّ #نعمه_الحجر_المنزلي #الخاصيه_الجديده https://t.co/RaqADNM2Go 	 5
arabic/1E_favorite query:رئيس المكسيك يتعهد بأخذ اللقاح الروسي ضد #كورونا إذا ثبتت فاعليته للتفاصيل: https://t.co/jKxdPzg4q6 #نتصدر_المشهد #COVID19 https://t.co/oxadKKbtVG 	 4
arabic/1E_favorite query:ترمب: من المتوقع أن يكون لقاح فيروس كورونا متوفر نهاية العام. #كورونا #فيروس_كورونا 	 2637
arabic/1E_favorite query:سباق محموم بين الشركات #الأمريكية و #الصينية و #الأوربية لاكتشاف لقاح #كورونا ، الصين أطلقت وحدة خاصة تتألف من 1000 عالم ، تتبع الوحدة لأكاديمية العلوم الطبية الخاصة بالجيش الصيني ، تعمل الوحدة كخلية نحل دون توقف وقامت باكتتاب الكثير من المتطوعين للتجارب السريرية. #لقاح_كورونا 	 3
arabic/1E_favorite query:عاجل.. الصحة: إعلان انتهاء فيروس كورونا مرتبط بوجود لقاح أو علاج. 	 4871
arabic/1E_favorite query:#سريلانكا تعتمد لقاح #سبوتنيك V الروسي https://t.co/MYUlooo5jC #البيان_القارئ_دائماً 	 1
arabic/1E_favorite query:تغطية خاصة.. خبرا سارا ننتظره جميعا عن موعد إطلاق لقاح #كورونا ومتابعة عن قرب لما يحدث في إسبانيا مع د. محمد ولد دحو أخصائي طوارئ وعناية مركزة - إسبانيا ود. حسن الصواف من الدوحة https://t.co/wLWt1VP6Ob 	 26
arabic/1E_favorite query:أمريكا.. الحكومة تبرم صفقة مع شركة مودرنا من أجل 100 مليون جرعة لقاح #كورونا https://t.co/F9vmYeOny9 	 41
arabic/1E_favorite query:إن صدر اللقاح لمعالجة المصابين بـ #كورونا وحتى لو كنتُ أنا شخصيًّا مصابة به- مع كل تحفظاتي وشكوكي حول حقيقته الكاملة- لن أخضع لهذا اللقاح. مكوّناته تم تجهيزها بحجم وحدة النانو تحتوي على شرائح إلكترونية تتحكّم بالإنسان وتوجّهه كما تشاء. لن نكون عبيدًا!! #Corona #coronadebat https://t.co/qWPznecIQL 	 446
arabic/1E_favorite query:ولله الحمد اخذنا الجرعة الاولى من باب المصادفة رقمي في الانتظار هو 2030 🥰🥰 شكرا #وزارة_الصحة #لقاح_كورونا https://t.co/tdIloJlDIc 	 1
arabic/1E_favorite query:كورونا فيروس قاتل خطير مرعب وليس له لقاح أو دواء. ومع ذلك اتفق الجميع ان تسعين بالميه من المصابين فيه يشفون دون علاج وخمسين بالميه من المصابين فيه لا تظهر الأعراض فيهم. كورونا أفضل برنامج كاميرا خفيه على الإطلاق فى رأى 	 84
arabic/1E_favorite query:#روسيا تقول إنها طورت أول لقاح لـ #فيروس_كورونا.. فهل يسدل الستار على هذا الوباء الذي ضرب العالم؟ #coronavirus #كورونا #كوفيد_19 #رادار_الأخبار #شاهد_سكاي @fadilaskynews https://t.co/zMrFyybvsM 	 61
arabic/1E_favorite query:📌 #منظمة_الصحة_العالمية تعلن: هناك إمكانية للتوصل إلى لقاح آمن وفعال مضاد لفيروس #كورونا ، واللقاحات المرشحة 32 لقاحًا وهي قيد التجارب السريرية حاليا . https://t.co/psT1Dm6hpM 	 30
arabic/1E_favorite query:#متحدث_الصحة : -انخفاض حالات #الإصابة مبشرة بالخير وهي ثمار الالتزام بالاجراءات الوقائية. -جائحة #كورونا مستمرة ولا يوجد لقاح مضاد حاليا. -انتهاء الجائحة يعني انحسارها بشكل كبير في جميع دول #العالم . #عرعر 6 حالات #العويقيلة 4 حالات #رفحا 3 #حفرالباطن 19 #إخبارية_الشعبة https://t.co/8kZvXINBoH 	 3
arabic/1E_favorite query:صدر عن بعض وسائل الإعلام الأمريكية أن وزارة الدفاع "البنتاغون" تتوقع أن تكون هناك موجة جديدة من فيروس #كورونا خلال العام القادم، كما تتوقع عدم ظهور لقاح فعال حتى صيف عام 2021 @m3alhakim 	 1
arabic/1E_favorite query:قبل 8 أيام روجت #تركيا لخلوها من #كورونا ووصفت الاحترازات السعودية بالرعب، اليوم أعلنت عن وفاة 21 مواطن وتجاوز عدد الإصابات 900 حالة، وهي الدولة الوحيدة التي فاق فيها عدد الإصابات 500 حالة بلا أي حالات شفاء، يؤسفني القول، 10 أيام وستذهب إلى كارثة إنسانية لتلحق بإيطاليا وإيران. 	 874
arabic/1E_favorite query:#الصحة_العالمية: لا يوجد أي لقاح قد استوفى شروط المنظمة للوقاية من #كورونا #سيدات_تبوك https://t.co/YX1idjFQP3 	 5
arabic/1E_favorite query:كثر الحديث عن لقاحات #COVID19 #كورونا و حقن مواد التعبئة #الفلر نعم، قد يحدث تحسس لمن أخذ اللقاح وقد حقن مؤخرا #فلر، لست مع من ينفي حدوثه فهو مثبت بحالات منشورة في المجلات العلمية وأيضا لست ممن يضخمونه! يعني هذا التحسس لايشمل الكل وليس بالشديد و من الممكن التحكم به سريعا بالأدوية https://t.co/yntn2O8Pa0 	 0
arabic/1E_favorite query:ابنته أخذت اللقاح .. #بوتين يعلن عن تسجيل أول #لقاح ضد فيروس #كورونا #صحيفة_الحوار https://t.co/DtnOdzh33F https://t.co/q3ZKxNmAEJ 	 3
arabic/1E_favorite query:منظمة الصحة العالمية تعلن عن خطة توزيع لقاحات الفيروس المستجد #كورونا https://t.co/qeXPAW8VOf 	 3
arabic/1E_favorite query:أثار إعلان روسيا نجاحها في تطوير أول لقاح ضد فيروس كورونا جدلا ورفضا كبيرا لها خصوصا مع تزايد الشكوك حول فاعليته لكن أيضا حول شكوك "سرقته" من بريطانيا التي سبق وأن اتهمت موسكو بذلك. https://t.co/flDGc4Anim 	 0
arabic/1E_favorite query:#الشبيبة| الاتحاد الأوروبي يتوصل لاتفاق لشراء نحو 400 مليون جرعة من لقاح #كورونا https://t.co/d4uY2aKiWE 	 30
arabic/1E_favorite query:وزير الصحة: اللقاح ضد #كورونا لن يكون قبل أكتوبر وسنوفره لكل الجزائريين #CoronaVaccine #Algerie https://t.co/QO2JWLW2OB 	 30
arabic/1E_favorite query:أطلقت روسيا أول لقاح مسجل في العالم لكوفيد-19، ويقال أنهم سيبدأون في إنتاج اللقاح قريبًا ولديهم بالفعل خطط لحملة لقاح على المستوى الدولي. هل تعتقد أن روسيا ستفوز بالسباق؟ #russiavaccine #SputnikV #Qatar #COVID19 #لقاح_روسيا #صباح_الخير #الدوحة 	 1
arabic/1E_favorite query:@A_S_A_Alothman الصين دورها مريب خلال ازمة #كورونا من مختبرات يوهان انطلق انتشر في العالم كله ولم يصب بقية الصين تعافت قبل الجميع مع انها كبر دولة سكانا نشرت فيدوهات كاذبه عن سقوط الناس في الشارع معلومات مضلله مع منظمه الصحه العالميه واخير اللقاح دورها عليه علامات استفهام 	 5
arabic/1E_favorite query:ينعاد على الجميع وهل العيد في خبرية بخصوص كورنا منيحة منظمة الصحة العالمية تعلن عن اكتشاف نوعين من اللقاح ضد كورنا واحد شركة روسيا وتاني شركة بريطانية وأمريكية واللقاح$70 تكلفتوا على امل يوصل للبنان بس ما تستلموا ٥١%🤣🤣🙋‍♂️ #كورونا #عيد_الأضحى_المبارك 	 139
arabic/1E_favorite query:تقوم الصين ومنذ شهر يوليو الماضي بإعطاء لقاح كورونا لعاملين أساسيين لديها تحت بند 'الاستخدام الطارئ'، فيما بدا كأول إقرار من الصين على استعمالها للقاح خارج نطاق التجارب السريرية.. فهل عدم قدرة الشخص على رفض اللقاح تجعل منه "متطوعاً"..؟! . https://t.co/qLE170o0ny 	 10
arabic/1E_favorite query:طبيب ايطالي او كبير اطباء ايطاليا يبرئ نفسه من كورونا و يحذر من اللقاح #كورونا #طبيب #إيطاليا #الحظر_الجزئي #جمعة_مباركة https://t.co/OPqh1sV8GL 	 6
arabic/1E_favorite query:الباحث في علم الفيروسات بندر العصيمي: أبحاث جامعة أكسفورد ﻹنتاج لقاح #كورونا تستكمل دراسات سابقة عن فيروس "ميرس" #العربية https://t.co/jeeZBK1kVc 	 60
arabic/1E_favorite query:الدكتوره ستيلا تغرد من جديد لمن لايعرفها حققت هذه الطبيبه من تكساس نسبه تعافي 100% في علاج ٣٥٠ مريض #كورونا وتقول لو جرى تعميم بروتوكول الدكتور #ZelenkoProtocol فسنوقف الوباء ولاحاجه لإغلاق او تطعيم او تباعد او كمامات اخذت الهايدروكسي #كلوركين كوقايه وهي تباشر الحالات https://t.co/gZG1mlBUuF 	 3
arabic/1E_favorite query:وزيرة الصحة تعلن مد فترة الحملة القومية للتطعيم ضد مرض شلل الأطفال حتى يوم الجمعة 5 مارس الجاري وزيرة الصحة: تطعيم 16 مليوناً و406 آلاف طفل من ضمنهم 17 ألفًا و749 من غير المصريين المقيمين على أرض مصر خلال 4 أيام من انطلاق الحملة https://t.co/duSEv5kr8f 	 91
arabic/1E_favorite query:#روسيا تعلن ثقتها بالشراكة مع #المملكة العربية #السعودية في العمل على لقاح ضد فيروس #كورونا https://t.co/4QX16Yg2wv 	 48
arabic/1E_favorite query:وزير الصحة السعودي: تلقي لقاح «كورونا» شرط رئيسي لأداء #الحج التفاصيل: https://t.co/fWdUNaxu4L https://t.co/ZxVgADFX32 	 74
arabic/1E_favorite query:الاختصاصي في علم الوبائيات عبد الكريم أقزيز: التوصل إلى لقاح لــ #كورونا خلال 6 أشهر.. والنتائج الأولية لـ"اكسفورد" واعدة #العربية https://t.co/L3wU130RFe 	 33
arabic/1E_favorite query:إنتاج الدفعة الأولى من لقاح فيروس كورونا الأمريكي يبدا في شهر. 7 https://t.co/VhgIsv32H7 	 0
arabic/1E_favorite query:فايزر تعلن موعد طرح نحو 20 مليون جرعة من لقاح ضد #كورونا رابط تخطي الحجب: https://t.co/03yMA9JFQU للمزيد: https://t.co/ynl7NNfNue 	 16
arabic/1E_favorite query:كيف أعرف إن كان لقاح كوفيد-19 آمناً؟ https://t.co/nhgrLWOVYC 	 7
arabic/1E_favorite query:#روسيا تسجل أول لقاح لـ #فيروس_كورونا في العالم الرئيس الروسي #فلاديمير_بوتين أعلن تسجيل اللقاح رسميا في بلاده وقال أن اللقاح إجتاز جميع الإختبارات #مجلة_نقطة #كورونا #أول_لقح #لقاح https://t.co/y6gG36yQIa 	 5
arabic/1E_favorite query:#أستراليا أول دولة تنتج لقاح #كورونا وتوزعه مجانا على سكانها #الغد_المشرق https://t.co/l5t4WhookD 	 6
arabic/1E_favorite query:#COVID2019 #لقاح_أكسفورد عدد من اللقاحات وصلت في المرحلة الثالثة قبل الأخيرة وهي: لقاح جامعة اكسفورد لقاح موديرنا لقاح معهد ووهان البيولوجي لقاح استرالي لقاح سينوفاك الصيني و لقاح الجيش الصيني CanSino حصل على الموافقة ليكون تحت الطلب “NYtimes” https://t.co/RPBV0FSfIe 	 2
arabic/1E_favorite query:سيعقد اجتماع بين لجنة الصحة النيابية ومعالي وزير الصحة الدكتور حسن والدكتور بزري رئيس لجنة لقاح كورونا غدآ الثلاثاءلتقيم الأوضاع الصحية عامة وعمليةالتلقيح التي بدأت ورفع وتيرتها وآلية اشراك القطاع الخاصة بعملية استيراد اللقاحات الهدف الأسراع بالوصول الى مناعة مجتمعية بالتلقيح 	 114
arabic/1E_favorite query:( نحن بطيئون ) اعطاء لقاح كورونا في السعوديه نصف/ ثانيه ٤٣٠١٨ لكل يوم ٢.٦ جرعه لكل ١٠٠ شخص لكي نطعم ٧٠% من سكان السعوديه نحتاج ١١١٢ يوم اي نتوقع نهايه التطعيم في مارس ٢٠٢٤ اي بعد ٣ سنوات صوره مع التحيه ل.... #وزاره_الصحه #كوفيد19 	 10
arabic/1E_favorite query:الأذان يُرفع من مسجد البيّازين، في مدينة #غرناطة الأندلسية، يوم الأحد، لأول مرة منذ سقوط المدينة، آخر ممالك الأندلس، قبل 528 عاماً (في 2 كانون الثاني/يناير 1492)، وحظْر الأذان فيها. بعض المسلمين في عدد من الأحياء رفعوا الأذان من شرفات منازلهم، وكان يوماً مشهودا. #كورونا https://t.co/tvAfYDSssK 	 11846
arabic/1E_favorite query:150 مليون جرعة.. #الأرجنتين و #المكسيك ستنتجان لقاح" أسترا زينيكا" المضاد لـ #كورونا https://t.co/wOwhMiicLj https://t.co/zmheQIUIOY 	 4
arabic/1E_favorite query:#روسيا | من المقرر أن تبدأ السلطات الروسية تجربة اللقاح ضد #كورونا على نطاق واسع الأسبوع المقبل https://t.co/ySuecWWdoK 	 49
arabic/1E_favorite query:ترامب: فيروس كورونا سيتلاشى بدون لقاح...النجاح يعتمد على الجهد. https://t.co/0ZxxX5M4bo 	 2
arabic/1E_favorite query:أين اللقاحات..!! اين ال: ٢ مليون لقاح..!! هل تعلم يا هياجنة ان عدد الذي تلقوا المطعوم لا يتجاوز ٤٠-٥٠ الف مواطن فقط .!!! اي بنسبة ٣ بالألف..!! وهي من اقل دول العالم تلقياً للقاح ..!! https://t.co/xOKB3jq1Ls 	 24
arabic/1E_favorite query:#فاوتشي يحذر من أن لقاح #كورونا  قد يكون فعالا بشكل جزئي فقط ويشجع على الكمامة! https://t.co/Es2qLJZ6LO 	 41
arabic/1E_favorite query:🛑وزير الصحة الروسي يؤكد مباشرة إستعمال لقاح الكورونا ابتداءا من 10 أوت. #كورونا https://t.co/ThiJTQkthl 	 11
arabic/1E_favorite query:الاتحاد الاوربي يوقع صفقة مع استرازينيكا لتوريد ٣٠٠ مليون جرعة من لقاح اوكسفورد. باختصار الوضع سيكون كل حكومة و شطارتها. https://t.co/nIHQUdqTnA 	 7
arabic/1E_favorite query:🔴 بيل غيتس يريد تطعيم العالم ضد #كوفيد_19 ( #كورونا المستجد) و في نفس الوقت يريد حماية قانونية ضد المضاعفات! 🔴 يتوقع غيتس معاناة ٧٠٠ ألف شخص إثر #التطعيم 🔴 هل يريد غيتس نموذج مثل محكمة اللقاحات الأمريكية؟ شاهد ما تقول الدكتورة ميكوفيتس عنه 👇🏻 مقطع مترجم https://t.co/rMueVRVDfU 	 986
arabic/1E_favorite query:5 دول ستنتج لقاح #كورونا الروسي #روسيا https://t.co/b9nxrbBwlP 	 10
arabic/1E_favorite query:هل تعلم بأن 33٪ من المصابين بـ #كورونا_الجديد في السعودية بسبب التقارب الاجتماعي  لسلامتك ولصحة المجتمع ابقى في منزلك https://t.co/0xkVqMi4r4 	 1229
arabic/1E_favorite query:#_بنت_بوتين التي تلقت لقاح ڤيروس "كورونا" اليوم وهي طبيبة اطفال. #_فلاديمير_بوتين يعلن رسمياً عن لقاح كورونا. #روسيا : 20 دولة تقدمت بطلبات لشراء مليار جرعة من لقاح #كورونا وسنبدأ الإنتاج التجاري للقاح الشهر المقبل.نتوسم بذلك خيرا البشريه.... https://t.co/2JHmGy7k0o 	 88
arabic/1E_favorite query:🔴 عاجل.. "متحدث الصحة": من يمنتع عن أخذ لقاح كورونا يعرض نفسه لالتقاط العدوى 	 16
arabic/1E_favorite query:عاجل | وزارة الصحة الروسية: 20 دولة تقدمت بطلب شراء مليار جرعة من لقاح #كورونا. #اللقاح_الروسي #فيروس_كورونا https://t.co/ZGayLmmbVB 	 169
arabic/1E_favorite query:#وزير_الصحه_السعودي: التطعيم بـ #لقاح_كورونا شرطا رئيسيا للمشاركة فى #الحج للتفاصيل.. https://t.co/JYgIkAEhbo 	 40
arabic/1E_favorite query:#الأردن: نخاطب السلطات الروسية للحصول على لقاح #كورونا #روسيا https://t.co/TRLb9OcVeA 	 10
arabic/1E_favorite query:لقاح “كوفاكسين” الهندي فعال بنسبة 81% في الوقاية من كورونا #الاردن24 #جو24 https://t.co/L96KkiPKcY 	 1
arabic/1E_favorite query:لكل من يعوّل على المناعة الجماعية المكتسبة الإصابة بفيروس #كورونا مرة ثانية واردة وتم تأكيدها بفحص التسلسل الجيني لذلك وجب على المتعافين الحرص من الإصابة مرة ثانية،وقد يصبح التوصل إلى اللقاح المناسب هو الحل الأنسب للقضاء على #كوفيد_19 إلاّ إذا ضعفت قوتة برحمة من الله عزوجل https://t.co/4kBB1pUzry 	 130
arabic/1E_favorite query:#الصحة_العالمية: نعمل على تطوير لقاح آمن وفعال ضد #كورونا https://t.co/0Y77GmePCb 	 8
arabic/1E_favorite query:الرئيس الأميركي: سنعلن قريبا عن لقاح ضد #كورونا https://t.co/hSWfCkHDlF 	 5
arabic/1E_favorite query:#كورونا الرئيس بوتين يعلن اليوم عن أول لقاح فعال في العالم ويعطي مناعة ثابتة ضد فيروس كورونا اللعين! https://t.co/A1QnbPU9v8 	 5
arabic/1E_favorite query:وسيتلقى المتطوعون الجرعة الثانية من اللقاح خلال الأسابيع المقبلة، مع الخضوع لفحوصات طبية دورية تحت إشراف مباشر من أكثر من 140 طبيباً وكادر تمريض ضم 300 متخصص والعديد من موظفي الدعم المشاركين في التجارب #نتصدر_المشهد #نلتزم_لننتصر #CommitToWin #COVID19 	 5
arabic/1E_favorite query:🎥 بـ 96 عيادة.. مركز تلقي لقاح #كورونا في المعهد الوطني للتدريب مستمر في استقبال المستفيدين .. #الأحساء https://t.co/YXJ3G82JMC 	 47
arabic/1E_favorite query:#عاجل 🇷🇺 قال الرئيس الروسي، اليوم، في مؤتمر عبر الفيديو مع أعضاء الحكومة بثه التلفزيون، إن روسيا طورت اللقاح الأول ضد فيروس كورونا، مؤكدا أنه يمنح مناعة دائمة، تم وصف اللقاح لابنة الرئيس. #Russia #Covid19 #المغرب #روسيا https://t.co/YHJx1vIlic 	 6
arabic/1E_favorite query:الجيش الايطالي ينقل جثث ضحايا كورونا بدون وداع  https://t.co/vZzo9seZ2v 	 14317
arabic/1E_favorite query:حصل آلاف المتطوعين بالفعل على جرعتهم الثانية من اللقاح وسيستمرون في الخضوع للفحوص الطبية والإشراف المنتظم، إلى جانب تلقي الدعم الكامل من الخدمات الصحية في سبيل التأكد من تمتعهم بالصحة والعافية #بوبساي #العلوم_للعموم #كورونا #الإمارات https://t.co/tQofI3A5I1 	 2
arabic/1E_favorite query:الصحفي الأسترالي @cjwerleman الصين تتحرك نحو تنفيذ ما يعادل الحل النهائي لمسلمي الأويغور سكان (#تركستان_الشرقية) مع خطط لقتل الثلث وحبس الثلث في معسكرات المسلمين التي اعدتها الصين سابقًا وأستخدامهم بـ-السخرة - اختبار لقاح COVID-19 - حصاد الأعضاء - اختبار الأسلحة البيولوجية https://t.co/ILUveEit5i 	 91
arabic/1E_favorite query:نرجع نستبشر مرة أخرى يقول الدكتور ايرك "لدينا بالفعل لقاحات ضد الفيروس ونعلم بالفعل أنها آمنة بما يكفي للاختبار في 30 ألف شخص. الآلاف يموتون لذا بعد التفكير مؤخرًا ، أوافق على مقولة زميلي ؛ الناس يستحقون اخذ اللقاح المبكر إذا اختاروا ذلك مع الاستمرار في تجارب المرحلة الثالثة" https://t.co/xtUAWbBf40 	 51
arabic/1E_favorite query:#العربية_نت تنشر #فيديو نقلاً عن وزارة الصحة الروسية يظهر صوراً اللقاح الجديد ضد #كورونا https://t.co/oIXV3CnAab #العربية 	 48
arabic/1E_favorite query:تم اعتماد لقاح #كورونا في روسيا وجاهز للاستخدام https://t.co/cOf8r50AUO 	 0
arabic/1E_favorite query:أهمية لقاح كورونا: -وسيلة آمنة للحماية -هي تدريب لجهاز المناعة -تكوين أجسام مضادة ضد كورونا -سيسمح برفع عمليات الحظر -وعودة الحياة الطبيعية تدريجيا 	 5
arabic/1E_favorite query:#فاوتشي يحذر من التصريح باستخدام لقاحات #كورونا قبل انتهاء تجاربها: فكرة سيئة قد تضر بالجهود المبذولة لتطويرها https://t.co/Q9DFZL0xys 	 50
arabic/1E_favorite query:@Emy11m @spokesman_moh صباحك صحة يُعتبر الأشخاص المصابين بالأمراض الرئوية المزمنة أو الربو و حساسية الصدر من الفئات المستهدفة لأخذ لقاح فايروس كورونا، كما أقرت اللجنة الوطنية للأمراض المعدية الاكتفاء بجرعة واحدة من اللقاح لمن سبق لهم وأن أصيبوا بالفايروس وتكون بعد مرور 6 أشهر من التعافي. عافاكم الله 	 0
arabic/1E_favorite query:مستشفى المملكة في الرياض أول مستشفى خاص يوفر #لقاح_كورونا في السعودية. https://t.co/l50adKr065 	 3
arabic/1E_favorite query:عاجل..  .  وزارة الصحة:  قللوا من التواصل والمخالطة حتى داخل منازلكم .. لا تفقدوا أحبابكم.  .  #كورونا #السعودية #المملكة #الصحة 	 6384
arabic/1E_favorite query:#الشبيبة روسيا مستعدة لتسليم لقاحات "سبوتنيك-في" المضاد لـ #كورونا لخمسين مليون أوروبي https://t.co/Jv5p4dbedi 	 12
arabic/1E_favorite query:#الشبيبة| دكتور عماني: الكثير من الغموض حول اللقاح الروسي لفيروس #كورونا #كوفيد_19 https://t.co/lGB1Nc50aE 	 44
arabic/1E_favorite query:تصريح معالي الدكتور أحمد بن محمد السعيدي وزير الصحة حول الحصول على لقاح لـ #كورونا #كوفيد١٩ #اللجنة_العليا #نخبة_مغردي_عمان https://t.co/laTFhk4v0j 	 13
arabic/1E_favorite query:🔴 #وزير_الصحة د."توفيق الربيعة" :سيتم تمديد التعليم عن بعد في حال عدم توفر لقاح لفيروس #كورونا https://t.co/8N0WM1yNCj 	 4
arabic/1E_favorite query:تكلفته تقارب 144 دولارًا.. #الصين تطرح لقاح #كورونا نهاية 2020 https://t.co/51HCUydfxQ 	 10
arabic/1E_favorite query:السلطنة ستشارك في تجارب لقاحات #كورونا #عمان_تواجه_كورونا #عمان_نحو_التعافي https://t.co/nPtCqP31C5 	 84
arabic/1E_favorite query:مركز الملك عبدالله العالمي للابحاث الطبية في الحرس الوطني الذي يملك٧٠عالم ابحاث منهم٥٠ عالم سعودي ويحملون الدكتوراه في طور تجارب لقاح ضد كورونا الجديد بالاستفاده من لقاح كورونا السابق واثبت نجاحه علي الحيوانات ومن ضمن التجارب علي الابل واثبت قوة المناعه ضد الفيروس وفى طور التجارب https://t.co/JuXtuprmEN 	 7731
arabic/1E_favorite query:تقرير من ال FBI الامريكي يقول ان هاكرز من الصين يستهدفون ( بشكل متكرر جداً ) الشركات اللي تطور علاج او لقاح لفايروس #كورونا 😓 هدف الاختراق هو التجسس والتخريب https://t.co/Z2WGDYmB5u 	 79
arabic/1E_favorite query:منظمة الصحة العالمية: العالم بحاجة إلى حشد 100 مليار دولار لضمان وصول لقاح #كورونا للجميع ـــــــــــــــــــــــــــــــ #قناة_الرافدين https://t.co/p8pv9w9gjC 	 4
arabic/1E_favorite query:🔴 #يلناز_إيماتدينوف الطبيب البيطري عالم الفيروسات الروسي و مطور اللقاح الروسي ضد فيروس كورونا يبلغ من العمر 30 سنة فقط😎😉 https://t.co/bKZc71U9ZS 	 8
arabic/1E_favorite query:الهند تطور 3 لقاحات لكورونا وتستعد لإنتاج "كميات ضخمة" https://t.co/StI4xSeGRs #كورونا 	 7
arabic/1E_favorite query:#فيديوجرافيك | جدل في تونس بسبب لقاحات إماراتية https://t.co/WzbLW3kMD0 | #الخليج_أونلاين #نبض_الخليج #الإمارات https://t.co/0oaROH3HmU 	 1
arabic/1E_favorite query:#وزير_الصحه: سنوفر لقاحات #كورونا في الصيدليات المجتمعية مجانًا. https://t.co/SUB7k0kP9G 	 79
arabic/1E_favorite query:عاجل 🔴 . . وزارة الصحة الروسية: تم تجربة اللقاح الجديد المضاد لفيروس كورونا بشكل أولي على متطوعين، ولم تظهر أي أعراض جانبية، أو أي أمور غير طبيعية، بل أظهرت نتائج الابحاث بوضوح أن جميع المتطوعين صارت لديهم استجابة مناعية نتيجة تلقي اللقاح.(انترفاكس) . . روسيا https://t.co/S2GJGaRVym 	 150
arabic/1E_favorite query:دسمان | أول 20 دولة تحصل على لقاح فيروس كورونا - https://t.co/8FLHvtlwzv https://t.co/jPZ4K8hnEo 	 1
arabic/1E_favorite query:روسيا تعلن اللقاح الأول في العالم ل #كورونا https://t.co/G7eY1DIByK 	 4
arabic/1E_favorite query:الحكومة البريطانية تقول ان عواقب التخلف عن الدراسة بسبب الكورونا اسوأ من المرض نفسه بالنسبة للأطفال لأن الموضوع مطول معانا و اللقاح لسة قدامه وقت و قعدة الأطفال في البيت لها عواقب نفسية و جسمانية https://t.co/dfRiyHp2vo 	 10
arabic/1E_favorite query:لا يندرج اللقاح الروسي ضد #كورونا ضمن قائمة منظمة الصحة العالمية التي تشمل ستة لقاحات، وصلت إلى المرحلة الثالثة من التجارب السريرية، وقد شكك خبراء بجودة وفعالية وأمان اللقاح، بسبب عدم كفاية المعلومات عن الاختبارات التي خضع لها #بوبساي #العلوم_للعموم #روسيا https://t.co/Na05q9oyxU 	 18
arabic/1E_favorite query:تفعلها روسيا للمرة الثانية بعدما سهلت للبشرية الوصول للقمر والآن وتذهل العالم بإختارع اول لقاح ضد Covid_19 ويأكد الرئيس (بوتن) بأنه اول لقاح رسمي يعتمد واضاف ايضا بان ابنته كانت من ضمن الاشخاص الذي تم تلقيحهم به🤚 https://t.co/cC4dhg9cN3 	 1
arabic/1E_favorite query:#روسيا تبدأ تجارب لقاح #كورونا على 40 ألف شخص الأسبوع القادم • بيانات #اللقاح_الروسي ستنشر بدورية أكاديمية في وقت لاحق من هذا الشهر https://t.co/s4CrK1Ebyt 	 3
arabic/1E_favorite query:💡ملخص موضوع اللقاح الروسي: علماء بوتين باختصار طوروا لقاح ايبولا لذلك فازوا بالسباق العالمي، حيث الجميع بدأ باختراع لقاح من الصفر... وهو مفيد لمدة عام واحد ونصف تقريباً.. مثله مثل اي لقاح فيروسي، يعطي مناعة لمدة تتراوح بين عام وعامين #كورونا المصدر سكاي: https://t.co/3EsBih6LS4 https://t.co/BrrcPOuv9u 	 7
arabic/1E_favorite query:تقول السلطات المصرية إنه بمجرد الحصول على الموافقة اللازمة على استخدام اللقاح على البشر، وموافقة أخرى على تصنيع العبوات اللازمة للاستخدام في هذه التجارب، سيتم اختبار اللقاح على مجموعة من المتطوعين الأصحاء الذين لا يعانون من أي مشكلات. #كورونا #covid19 https://t.co/ctOaflK3n7 	 34
arabic/1E_favorite query:اخر مستجدات السباق للوصول الى لقاح Vaccine #كورونا واخر التطورات #اكسفورد لاتزال في المقدمةمن أصل 140 شركة حول العالم والطرح المتوقع في بداية اكتوبر . https://t.co/EsMzLIE5Pc 	 3
arabic/1E_favorite query:الأرجنتين والمكسيك ستنتجان اللقاح البريطاني ضد فيروس كورونا في أمريكا اللاتينية #الأرجنتين #المكسيك #بريطانيا #لقاح #كورونا https://t.co/gMEWb2fbe5 	 18
arabic/1E_favorite query:كل قنوات العالم مشغولة بكورونا وتستضيف المختصين على مدار اليوم للحديث عنه وعن كيفية مواجهته إلا الجزيرة مشغولة بالسعودية وقيادتها وتستضيف سعد الفقيه يوميًا للحديث عن ذلك .. المضحك أنهم يناقشون الصعوبات الإقتصادية التي ستواجهها السعودية جراء كورونا وكأن العالم بأسره لا يواجه ذلك🤮 	 11386
arabic/1E_favorite query:الخبر: "يقول رئيس الوزراء الأسترالي إن لقاح فيروس كورونا سيكون إلزاميًا، باستثناء أولئك الذين لديهم إعفاءات طبية". مرة أخرى نظرية مؤامرة أنتم أصحاب نظرية مؤامرة. صدعتم رؤوسنا بنظرية المؤامرة. الحكومة لن تفرض لقاحات -ماعزهم الأليف "وصارت النظرية حقيقة كما هو حال نظريات المؤامرة" https://t.co/Qhq111q04N 	 17
arabic/1E_favorite query:ابنة الرئيس الروسي تتلقى اللقاح الذي اعلن عنه اليوم فلاديمير بوتين كأول لقاح لفيروس #كورونا https://t.co/rtPQanoHYf 	 113
arabic/1E_favorite query:@Emy11m @spokesman_moh صباحك صحة يُعتبر الأشخاص المصابين بالأمراض الرئوية المزمنة أو الربو و حساسية الصدر من الفئات المستهدفة لأخذ لقاح فايروس كورونا، كما أقرت اللجنة الوطنية للأمراض المعدية الاكتفاء بجرعة واحدة من اللقاح لمن سبق لهم وأن أصيبوا بالفايروس وتكون بعد مرور 6 أشهر من التعافي. عافاكم الله 	 0
arabic/1E_favorite query:كشف هوية الفتاة التي تلقت لقاح كورونا بروسيا.. ليست ابنة بوتين #فوشيا #صحة #كورونا #لقاح_كورونا #علاج_كورونا #روسيا #بوتين https://t.co/daVp3V3cWF 	 158
arabic/1E_favorite query:💡تعليقا على التغريدة المقتبسة ... هذا تطعيم آخر يجرب في جنوب أفريقيا🇿🇦 بتنسيق و إشراف جامعة ويتس @WitsUniversity 🧠الاستثمار في العقول في الجامعات يجب أن يتمم بالثقة في تلك العقول وهذا ما نراه كمثال واقعي في جنوب أفريقيا حيث 💉AZD1222 تطعيم أوكسفورد و 💉NVX-CoV2373 نوفافاكس https://t.co/MDRJowX4eZ https://t.co/xrVVzmmsX2 	 9
arabic/1E_favorite query:استخدام ناقلين من الفيروسات Viral vectors في تصنيع اللقاح , طريقة مبتكرة وجديدة ساهمت بشكل كبير في نجاح اللقاح. #كورونا_المستجد #كوفيد١٩ #فيروس_كورونا https://t.co/MyPjehhXaZ 	 7
arabic/1E_favorite query:دبي تقدم لقاح "كورونا" لجميع الفئات من عمر 40 عاماً #دبي https://t.co/AEVOh8y1nN 	 6
arabic/1E_favorite query:🚨🚨🚨 فيروس #كورونا : اللقاح الروسي ضد #كوفيد_19 سيدخل المرحلة الثالثة من التجارب غدا الأربعاء. و الإنتاج الصناعي للقاح الروسي سيبدأ في سبتمبر 2020 . اولا لقاح شركة Moderna الأمريكية دخل المرحلة الثالثة من التجارب يوم 27 يوليوز 2020. 👇👇👇 	 10
arabic/1E_favorite query:اعراض لقاح اكسفورد اليوم السابع: ألم بمناطق مختلفة بالجسم مره باليد ومرات بأماكن متفرقة مع ألم بسيط بالمفاصل. اعراض لقاح اكسفورد اليوم الثامن: مافي ولاشي ، ولا اي اعراض احسها راحت تماما اليوم الثامن ✅ 	 5
arabic/1E_favorite query:#جامعة_الحدود_الشمالية تؤكد لجميع منسوبي ومنسوبات الجامعة وطلابها وطالباتها عن توفر لقاح كورونا (كوفيد 19) بالمركز الصحي الجامعي. حجز الموعد عبر تطبيق #صحتي #من_الشمال_إلى_الوطن https://t.co/Mxcc3Cui6F 	 7
arabic/1E_favorite query:#أميركا تحجز 100 مليون جرعة من لقاح #كورونا للتفاصيل: https://t.co/dDw6fZSYvx #نتصدر_المشهد #COVID19 https://t.co/t0cZpxAB52 	 12
arabic/1E_favorite query:تُستخدم الجرذان البيض كفئران تجارب حتى يُثبت اللقاح نجاحه ومعفوليتة ومن بعدها يطبق على البشر وللأسف الشديد بلغني ان وزارة الصحة السعودية تستخدم السعوديين الفقراء بدلا من الجرذان مقابل القليل من المال وذلك لضيق الوقت لتثبت مدى فعالية لقاح لـ #كورونا 	 336
arabic/1E_favorite query:الوعي ب #المؤامرة_العالمية يزداد بين الشعوب الأوروبية والاحتجاجات المناهضة لإجراءات #كورونا تجتاح عواصم أوروبية منها لندن وبرلين التي شهدت مصادمات مع الشرطة وغيرها من المدن-السبت 29-8-2020 إذا لم نقم لهم فسيستعبدوننا ويجبروننا على تلقي لقاح لا نعرف محتواه ولا مدى سلامته #كوفيد19 https://t.co/dyAnmwFmT7 	 21
arabic/1E_favorite query:الصين تقول بأنها نجحت في تطوير لقاح فيروس كورونا. https://t.co/MsTaLQjdW4 	 25
arabic/1E_favorite query:بأمر خادم الحرمين الشريفين  منع التجول للحد  من انتشار #فيروس_كورونا  من الساعة 7م حتى الساعة 6ص  لمدة 21 يوم https://t.co/7g9AvEMkBK 	 1453
arabic/1E_favorite query:بدء تجريب لقاح محتمل لـ #فيروس_كورونا على متطوعين في المملكة المتحدة وسيحصل على اللقاح حوالي 300 شخص كجزء من تجربة يقودها البروفسور روبين شاتوك وزملاؤه في إمبريال كوليدج #لندن. تشير الاختبارات التي أجريت على الحيوانات إلى أن اللقاح آمن ويؤدي إلى استجابة مناعية فعالة https://t.co/lwf4oKCpm4 	 1
arabic/1E_favorite query:قال #بوتين في افتتاح اجتماعه مع الحكومة الروسية: ”لأول مرة في العالم تم تسجيل لقاح ضد #فيروس_كورونا المستجد في #روسيا“. موضحا أن”اللقاح يعمل بكفاءة عالية ويشكل مناعة مستدامة“. وبعد دقائق من إعلانه تسجيل اللقاح، قال بوتين: ”إحدى بناتي تلقت هذا اللقاح.." https://t.co/pNT7BmTrYW 	 7
arabic/1E_favorite query:الرئيس الروسي #بوتين يعلن أن أول لقاح في العالم ضد فيروس #كورونا تم تسجيله في #روسيا، لافتاً إلى أنه يشكل مناعة مستقرة. https://t.co/wsdEikgjoE 	 244
arabic/1E_favorite query:#عاجل: الأردن ينوي شراء اللقاح الروسي وتوزيعه “مجانا” على المواطنين https://t.co/N33niRCCGu #الغد #الأردن #روسيا #اللقاح_الروسي #كورونا 	 94
arabic/1E_favorite query:لقاح أسترالي لمواجهة فيروس #كورونا.. والاختبارات تبوح بالنتائج https://t.co/nHDMwQC995 	 7
arabic/1E_favorite query:روسيا تعلن تسجيل أول لقاح في العالم ضد فيروس كورونا الأسبوع المقبل (تغطية خاصة) التفاصيل: https://t.co/Ct4tBx1Sz5 https://t.co/Aukgc32XDQ 	 130
arabic/1E_favorite query:15,000 متطوع من 107 جنسيات مختلفة يشاركون حالياً في المرحلة الثالثة من تجارب لقاح فيروس #كوفيد_19 غير النشط في دولة #الإمارات، ما يمثل قفزة نوعية نحو تطوير أول لقاح آمن وفعال للوباء #نتصدر_المشهد #نلتزم_لننتصر #CommitToWin #COVID19 https://t.co/O4LT6Qpko9 	 5
arabic/1E_favorite query:#عاجل | ترامب: سيكون لدينا لقاح فعال ضد فيروس كورونا قبل نهاية العام #eXtranews 	 18
arabic/1E_favorite query:منصف السلاوي المنضم حديثا لفريق #ترامب للتوصل إلى لقاح لفيروس #كورونا يقول: قد اطلعت في الآونة الأخيرة على بيانات مبكرة من تجربة سريرية للقاح لفيروس كورونا. هذه البيانات جعلتني أشعر بمزيد من الثقة بأننا سنتمكن من تقديم بضع مئات من الملايين من جرعات اللقاح بحلول نهاية عام 2020" https://t.co/S8egGBS4wC 	 79
arabic/1E_favorite query:أظهر لقاح هندي جديد لفيروس كورونا نتائج إيجابية وأثبت لقاح كوفاكسين الهندي،أنه فعال وآمن خلال التجارب السريرية ما يزيد من طموح نيودلهي في تلقيح عدد أكبر من السكان. وأعلنت الشركة المصنعة إن النتائج الأولية للتجارب التي تضمنت 26 ألف شخص أظهرت أن فاعلية كوفاكسين الأولية وصلت إلى 81% https://t.co/AnCTjR1ZE2 	 3
arabic/1E_favorite query:خلال يومين من انطلاق الحملة القومية للتطعيم ضد مرض شلل الأطفال.. وزيرة الصحة: تطعيم 13 مليون و606 ألف طفل من ضمنهم 11 ألف و536 من غير المصريين المقيمين على أرض مصر https://t.co/jKoldzcXzD 	 125
arabic/1E_favorite query:بشائر خير 🛑 اعلنت اربع دول اوربية من ضمنها المانيا كما صرح وزير الصحة الالماني السيد سبان توقيع عقود آجلة لشراء ٣٠٠ مليون جرعة لقاح (اكسفورد) ضد فيروس كورونا المتوقع انتاج واعتماد اللقاح في بداية عام ٢٠٢١ الدول هي: المانيا فرنسا ايطاليا هولندا https://t.co/oCrLtSyLsd 	 35
arabic/1E_favorite query:أول لقاح لـ #كورونا يدخل المرحلة الثانية https://t.co/59rdQYLfEH https://t.co/Gsx85tNYrH 	 46
arabic/1E_favorite query:تشير نيويورك تايمز إلى أن العلماء العاملين لإنتاج لقاح مضاد لفيروس #كورونا في الولايات المتحدة؛ باتوا يشعرون أن هناك ضغوطا سياسية لإنتاج اللقاح بأسرع وقت ممكن، وخاصة من قبل الرئيس #ترامب، حتى يضمن فوزه بالانتخابات المقبلة https://t.co/PKLJc4T9HL 	 9
arabic/1E_favorite query:عاجل| بينها «#السعودية».. 5 دول ستنتج لقاح #كورونا الروسي https://t.co/Of0hDOcIRG https://t.co/mGHf6v1yVD 	 4
arabic/1E_favorite query:عاجل | المفوضية الأوربية: حصيلة التبرعات للحملة العالمية لإيجاد لقاح لفيروس #كورونا ارتفعت إلى 9.5 مليارات يورو 	 100
arabic/1E_favorite query:#جونسون_آند_جونسون لقاح فريد من نوعه وواحدا من أكثر اللقاحات المُعول عليها عالميا للمساهمة في إنهاء #الجائحة وعودة الحياة إلى طبيعتها.. فما الذي يميزه؟ وما مدى أمان هذا اللقاح؟ https://t.co/VSdLqeFhUh 	 25
arabic/1E_favorite query:فيديو| ابنة الرئيس الروسي بوتين تتلقى اللقاح اليوم كأول لقاح لـ فيروس كورونا #كورونا #روسيا #coronavirus #لقاح_كورونا https://t.co/UtlWiLnkP0 	 21
arabic/1E_favorite query:#عاجل | بوتين: روسيا تبدأ قريباً إنتاج لقاح #كورونا على مستوى واسع 	 14
arabic/1E_favorite query:بينها السعودية... 5 دول ستنتج لقاح كورونا الروسي : https://t.co/pmW4LQcn5m via @sputnik_ar #كورونا #كوفيد_19 #روسيا 	 3
arabic/1E_favorite query:#ترمب : من الممكن أن يتوفر لدينا لقاح #كورونا قبل الانتخابات الرئاسية #الشرقية_نيوز https://t.co/jnKfIUhOFo 	 148
arabic/1E_favorite query:رسميا .. تسجيل أول لقاح ضد #كورونا في العالم https://t.co/2o3iYFVBSU 	 30
arabic/1E_favorite query:@alhashimy0 يا أخ علي ! من قال أن فيروس #كورونا مجرد كذبة. أنا اللي قصدته من التغريدة أنه مافي مصداقية بخصوص لقاح للكورونا. المانيا أول دولة أعلنت أنها وجدت اللقاح ثم نفت. بعدها فرنسا ثم الصين ثم أمريكا ثم جامعة أكسفورد في بريطانيا والآن روسيا ! لكن ندعو الله أن يساعد البشر في إيحاد العلاج. 	 0
arabic/1E_favorite query:فاوتشي: يمكن تطوير لقاحات سريعاً دون التضحية بالسلامة للتفاصيل: https://t.co/WLqNjLfvOx #نتصدر_المشهد #COVID19 https://t.co/ti4ZXorpwJ 	 5
arabic/1E_favorite query:#السفير_الصيني بـ #القاهره : نتعاون مع #مصر لإنتاج لقاح ضد #فيروس_كورونا للتفاصيل.. https://t.co/dvKnw4He3d 	 114
arabic/1E_favorite query:تقرير / لقاح جديد ل كوفيد 19 قادم من المانيا شركة BioNTech الطبية بالاضافة لشركة Pfizer تعملان على لقاح جديد يمنع الاصابة بفايروس #كورونا اللقاح اسمه BNT162 التجارب البشرية على اللقاح بدأت حالياً ومن المتوقع ان يتوفر بكثرة في اوآخر هذا العام https://t.co/Rc4iNJzcTx 	 82
arabic/1E_favorite query:المسار | #روسيا تستعد لحملة تطعيم جماعي ضد #كورونا صحيفة المسار https://t.co/qXaLN97UYx 	 3
arabic/1E_favorite query:⭕️ الان.. وزارة الصحة الروسية تعلن بدء انتاج اللقاح ضد فيروس كورونا . ⭕️ وزارة الصحة الروسية: اللقاح يتيح إنشاء مناعة ضد الفيروس لمدة تصل إلى عامين . 	 6
arabic/1E_favorite query:أول لقاح مضاد لـ #فيروس_كورونا في العالم 👇 https://t.co/SaUOsfaYvL 	 63
arabic/1E_favorite query:عاجل| #بوتين: #روسيا طورت "أول" لقاح ضد #كورونا https://t.co/gxq8uxSCoR 	 12
arabic/1E_favorite query:قال باحثون من جامعة كوينزلاند إن جميع النتائج حتى الآن تظهر أن لقاح فيروس كورونا الأسترالي آمن و "من المرجح أن يوفر الوقاية" ضد #كوفيد_19 https://t.co/O3iCng2Lfn 	 1
arabic/1E_favorite query:من جانبه قال وزير الصحة الفرنسي، أوليفييه فيران: "لست مضطراً لأثق باللقاح الروسي"، معلناً أن فرنسا والأوروبيين "بانتظار مختبرات كبرى للحصول على لقاح" #كورونا #اندبندنت_عربية_تغنيك https://t.co/bYvVu0wLIL 	 6
arabic/1E_favorite query:حدث | قالت المستشارة الألمانية أنجيلا ميركل إن جائحة #كورونا ستتفاقم على الأرجح في الأشهر القليلة المقبلة، مؤكدة أن الحياة لن تعود إلى طبيعتها إلا بعد ابتكار اللقاح https://t.co/b15x0A7rHH 	 1
arabic/1E_favorite query:( صنداي تايمز اليوم - 200000 عامل رعاية صحية يرفضون الحصول على لقاح كوفيد. ماذا يعرفون ولا نعرفه؟)https://t.co/XaZevDdzuh https://t.co/37stNmMmlk 	 0
arabic/1E_favorite query:#يحدث_في_سناب د. نزار باهبري @DrNezarB هل نحتاج مسحة قبل أخذ #لقاح فيروس #كورونا ، وهل الإصابة بالفيروس أثناء أو بعد #التطعيم مباشرة يسبب الوفاة .؟ .. #سناب https://t.co/UH7Ffsr4Sa https://t.co/Qex8kTNzXo 	 38
arabic/1E_favorite query:ابنة الرئيس بوتن أول من تلقى اللقاح الروسي ضد كورونا #كورونا #روسيا https://t.co/RzpaIwiRzt 	 3
arabic/1E_favorite query:#إنفوغرافيك.. كيف تقارن مدة تطوير لقاح #كورونا بلقاحات الفيروسات السابقة؟ https://t.co/OsZMv3ZKsC 	 10
arabic/1E_favorite query:100 مليون جرعة من لقاح تجريبي لمكافحة فيروس كورونا في الولايات المتحدة https://t.co/pdtsLSRTuV https://t.co/7gMQyHvhDR 	 6
arabic/1E_favorite query:خبر رائع العلماء الأمريكيون يربطون لقاح BCG Bacille Calmette-Guerin الذي تم تطويره قبل مئة عام لمحاربة السل الرئوي لمعرفة ما إذا كان يمكن أن يساعد في الحد من انتشار وشدة أعراض COVID-19 #فيروس_كورونا https://t.co/h1H76vRuHi 	 1
arabic/1E_favorite query:#كوفيد_19 #كورونا #اللقاح_الروسي هذه التغريده في 11/ 8 ذكرت بأن الإتحاد الأوروبي وامريكا ومنظمة الصحة العالمية سيقومون بحملة إعلامية ضد اللقاح الروسي وهذا مايحصل الآن https://t.co/i065FmMFg1 	 8
arabic/1E_favorite query:#روسيا: لقاح فيروس #كورونا آمن .. وترفض الانتقادات والشكوك https://t.co/XPMC7ilPWi https://t.co/mDLiFFksIp 	 1
arabic/1E_favorite query:تشكيك في أمان اللقاح الروسي وفعاليته بعد إعلان #بوتين عن أول لقاح لفيروس #كورونا https://t.co/D5ZMuGEQGr 	 195
arabic/1E_favorite query:أخيراً : منظمة الصحه تعلن عن إيجابية لقاح #جامعة_أكسفور لمكافحة فايروس #كورونا https://t.co/547aMEYVwh 	 21
arabic/1E_favorite query:15 ألف متطوع من 107 جنسيات يشاركون في تجارب لقاح #كورونا في #الإمارات https://t.co/Xpqqei7rlo 	 8
arabic/1E_favorite query:#إنفوجرافيك_الراية | روسيا تعلن تسجيل أول لقاح ضد فيروس كورونا في العالم #جريدة_الراية #قطر | #لأجل_قطر_كلنا_في_البيت | https://t.co/dxdfY9qBuX 	 6
arabic/1E_favorite query:روسيا تعلن مناقشة تصدير لقاح فيروس كورونا إلى مصر https://t.co/0gxFXBKwpA 	 70
arabic/1E_favorite query:الي حابب يتطمن هذا بيل غيتس يطمئنكم مقال بلومبرغ بيزنيس ويك (المهم الموضوع بيزنس ) بيل جيتس يتحدث عن توقيت لقاح كوفيد وهيدروكسي كلوروكوين ونظرية مؤامرة الجيل الخامس https://t.co/NaeaFR8ouU 	 7
arabic/1E_favorite query:Brent Oil Edges Above $45 on Signs of Slowing U.S. Covid Cases اسعار خام برنت اعلى من 45$ للبرميل مع تباطؤ حالات كورونا في الولايات المتحدة، وبدء تطبيق لقاح كورونا. https://t.co/U3FFOAJ8KO 	 9
arabic/1E_favorite query:هدية روسيا للعالم! قال بوتين إن التجارب السريرية للقاحات الروسية لم تكمل بعد، لكنها "تعمل بشكل فعال وجيد"، معلنا الموافقة على لقاح جديد لفيروس #كورونا من قبل المنظمين الطبيين داخليًا. https://t.co/sM3ZugwGJL 	 2
arabic/1E_favorite query:شقيقي موجود في #الامارات وهو يقول انه لا يوجد اي حالات #كورونا والحكومة بذلت كل جهدها من اجل القضاء على الفيروس ، اعلام النظام التركي يعاني من كورونا اخلاقية ، وهو لديه عقدة ومرض اسمها الامارات ، سوف نبحث مع الاصدقاء الروس من اجل ايجاد لقاح لهذا المرض الذي يعاني منه الاتراك https://t.co/FgQOmX6kW7 	 26
arabic/1E_favorite query:أول تعليق حكومي مصري على إعلان روسيا اكتشاف لقاح فيروس كورونا https://t.co/Ad0D1INi6a 	 38
arabic/1E_favorite query:سينوفارم الصينية تبدأ المرحلة الثالثة من تجربة لقاح فيروس #كورونا في #البحرين https://t.co/C9dUv1buk5 	 6
arabic/1E_favorite query:حتى #ترامب ولّى يهدر على المؤامرة 😁👇 #ترامب يتهم " الدولة العميقة " بتأخير لقاح #كورونا https://t.co/yHW3pB9txn 	 1
arabic/1E_favorite query:منظمة #الصحة_العالمية ترفع الراية البيضاء : حصلنا على أكثر من 100 لقاح تجريبي ضد #كورونا لكن هذا الفيروس مخادع وإنتاج لقاح له أمر صعب. 	 9
arabic/1E_favorite query:وزير الصحة: لقاحات فيروس كورونا سوف تكون متوفرة في الصيدليات بشكل مجاني. 	 8213
arabic/1E_favorite query:الموضوع ليس سياسي..فما يحصل في قطر خطير وخطير جداً..انتشار فايروس #كورونا في الدوحة بشكل مخيف ومرعب جداً..ع نظام الأمير تميم طلب المساعدة من منظمة الصحة العالمية والدول ووقف المواصلات مع إيران  لقبائلنا والمقيمين بقطر #تكفون_اقعدوا_في_بيوتكم فنحن في #اعلان_حرب_ضد_كورونا. #امجد_طه 	 509
arabic/1E_favorite query:وقعت شركة إنترافاكس المتخصصة بالبحوث السريرية واللقاحات، ومجموعة سيلونيك المتخصصة بتصنيع وتطوير الأدوية، اتفاقية بحثية لتصميم وتطوير وإنتاج لقاح لفيروس #كورونا المستجد اعتمادًا على دمج شوكة بروتين الفيروس مع تقنية أداة إيصال حويصلات الغشاء الخارجي. https://t.co/XG3djGmtuQ 	 4
arabic/1E_favorite query:اسرة روكفلر المتحكمة ببنوك العالم وازمة انتاج لقاح #كورونا #rockfeller https://t.co/1DUHHXztVl يتبع https://t.co/o9wLbd8XDI 	 20
arabic/1E_favorite query:بوتين يعلن اول لقاح ل #كورونا في العالم! https://t.co/Z6YVDDJuDz 	 18
arabic/1E_favorite query:إنجاز إماراتي جديد بتجارب لقاح #كورونا 15000 متطوع من 107 جنسيات يشاركون بالتجارب السريرية الأولى عالميا، الجارية في #الإمارات للمرحلة الثالثة للقاح "كوفيد-19" غير النشط، في أقل من شهر https://t.co/5P6xq6EwkQ 	 43
arabic/1E_favorite query:#الأسواق_الآن العقود الآجلة لمؤشر #داو_جونز تقفز أكثر من 500 نقطة بفعل آمال بانتاج شركة موديرنا لقاح لفيروس #كورونا وأرباح غولدمان ساكس https://t.co/kcs636oiZK 	 7
arabic/1E_favorite query:اهداءمصر لقاح كورونا صيني رغم انه لم تجرى عليه تجارب كافية اختفى اللقاح بظروف غامضة ثم تعلن مصر عن انتاج لقاح بنفس مواصفات الصيني بسعر اقل في حين كل الدول تعطي اللقاح مجانا للمواطنين والمقيمين ايضا السيسي لازم يتاجر بينا الوطن اللي يحتويك مش اللي يتاجر بك حد شاف حملة تطعيم بمصر؟ https://t.co/mOPiobXkKV 	 5
arabic/1E_favorite query:لقاح #كورونا لن يكون إلزاميا أبدا بـ #الولايات_المتحدة.. لماذا؟ | #كوفيد_19 #Covid_19 #corona https://t.co/oayaicVrQK 	 26
arabic/1E_favorite query:روسيا تعلن الانتهاء من تطوير لقاح ضد كورونا وتكشف موعد بدء عمليات التطعيم السكاني https://t.co/mhWFa768vJ #روسيا #لقاح #كورونا https://t.co/IE66f5BxOv 	 3
arabic/1E_favorite query:الرئيس الروسي يعلن عن تسجيل أول لقاح ضد فيروس #كورونا في العالم 🦠 #نديب_قطر https://t.co/wloOuvAlNi 	 19
arabic/1E_favorite query:#بريطانيا: إنتاج لقاح #كورونا بالشراكة مع "ووكهارت للتكنولوجيا" الشهر المقبل https://t.co/NLxbHQrMJQ 	 20
arabic/1E_favorite query:#عاجل | ًترمب: لدينا 3 لقاحات لفيروس #كورونا في المراحل النهائية من الاختبارات https://t.co/251mCATHvb https://t.co/Aeqfuu5nhC 	 13
arabic/1E_favorite query:شركة موديرنا : اللقاح حقق نجاح مبشر في التجارب على كبار السن #كورونا https://t.co/XXIm0U9LyI 	 4
arabic/1E_favorite query:حتى انتي يا دكتورة فاطمة تسوقين للقاح الأشرار الذين صنعوا هذه الجائحة الكذب بمنظماتهم الدولية وإعلامهم ومن خانوا الأمانة او المغفلين من الاطباء⁉️ عن أي لقاح تتكلمين لفايروس ينجوا الناس منه بنسبة 99.94%⁉️ عن أي لقاح لفايروس ليسوا له فحص تشخيصي والتزوير والكذب هو من صنع إستجداده⁉️ https://t.co/hLBEYe4GQI 	 31
arabic/1E_favorite query:عاجل: تعمل بعض الجامعات لتخصيص لقاح فيروس كورونا لخدمة منسوبي ومنسوبات الجامعة وذويهم لسرعة العودة إلى المقاعد الدراسة حضورياً وبشكل أسرع. 	 1202
arabic/1E_favorite query:وزراة الصحة الامريكية https://t.co/HIoutAUSC6 : لقاح لفيروس #كورونا على الطريق الصحيح ليكون جاهزًا للتجارب البشرية في وقت أقرب مما كان متوقعًا #الخليج #مصر #المغرب_العربي https://t.co/A1GtrVBPNN 	 119
arabic/1E_favorite query:تقرير لصحيفة جيروزاليم بوست الإسرائيلية: ٣ دول #خليجية هي #البحرين ودولة لم يسمها طلبت مساعدة #إسرائيل لمواجهة #كورونا وتواصلا مع المركز الطبي الإسرائيلي شيبا وسفير #الإمارات في #الأمم_المتحدة قال إن بلاده مستعدة للتعاون مع إسرائيل في إطار التوصل إلى لقاح https://t.co/YuN34ixtrF 	 38
arabic/1E_favorite query:الرئيس ترمب: محاولة الصين قرصنة معلومات تجارب لقاح فيروس كورونا ليس جديدا ونحن نراقب ذلك عن كثب. 	 112
arabic/1E_favorite query:#روسيا،#مصر #لبنان #_امريكا #كورونا #روسيا شاهدد#روسيا،تعلن أول لقاح في العالم مضاد لفيروس كورونا،وإبنةالرئيس الروسي بوتين تتلقى اللقاح الذي أعلن #الذهب https://t.co/65dlry4vLn 	 3
arabic/1E_favorite query:مسؤول في الصحة في قطر هرب من استديو التلفزيون بمجرد ما عطس المذيع...  مع انتشار #فيروس_كورونا و  #كورونا_vs_انفلونزا_الطيور يا ابناء قبائلنا في قطر #خليك_في_البيت لأن نظام تميم يكذب في عدد المصابين  كما تفعل إيران وتركيا. #امجد_طه https://t.co/z7g5fIqPPH 	 544
arabic/1E_favorite query:🔴#عاجل وزير الصحة: -تقييم الدراسة عن بُعد خلال الـ5 أسابيع الأولى من الدراسة إما بالتمديد أو حضورياً في حال توفر لقاح كورونا -المملكة⁩ حريصة على توفير اللقاح فور التأكد من سلامته المزيد هنا: https://t.co/7CoOL8jwqE #التعليم_عن_بعد #فيروس_كورونا #المملكة #العام_الدراسي https://t.co/rKWyMzHneA 	 9
arabic/1E_favorite query:انتهاء التجارب على لقاح روسي مضاد لـ #كورونا https://t.co/2EZ0npy2Sz #rtarabic 	 28
arabic/1E_favorite query:خبير بيولوجي من أصول مغربية عينه #ترامب لتطوير لقاح لـ #كورونا خلفاً لـ ريك برايت لرفض الأخير استخدام عقار #هيدروكسي_كلوروكين في علاج #Covid-19 تعرفوا على #منصف_السلاوي https://t.co/gL7sNHqLJH 	 44
arabic/1E_favorite query:الباحث في علوم الأمصال علي فطوم: بوتين يمنح مطوري لقاح #كورونا الروسي المصداقية لكن ذلك لا يكفي للاستخدام دون إثبات فاعليته علميا #العربية https://t.co/tqVmCM6TOg 	 23
arabic/1E_favorite query:روسيا تتفوق في السباق العالمي لإنتاج لقاح ضد فيروس كورونا .. والرئيس بوتين يبشر العالم بتسجيل أول لقاح في العالم #روسيا https://t.co/xqoiENtOCv 	 202
arabic/1E_favorite query:دراسة بريطانية أميركية: جرعة واحدة من لقاح فايزر تكفي المتعافين من #كورونا #العربية https://t.co/woBgJXVcLu 	 11
arabic/1E_favorite query:الصحة العالمية: ٦ لقاحات ضد فيروس كورونا في مرحلة جيدة من التجارب السريرية #أخبار_١٢ https://t.co/l1pSsB1iVv 	 23
arabic/1E_favorite query:وزارة الصحة العامة تقول إن الحالات الـ17 التي تماثلت للشفاء من فيروس كورونا (كوفيد-19) ، بينهم 4 مواطنين قطريين، ليصل إجمالي حالات الشفاء من الوباء إلى 27 حالة في دولة قطر.  #قنا 	 748
arabic/1E_favorite query:⚠️☣ بوتين يعلن موافقة وزارة الصحة الروسية على اللقاح الروسي ل #فيروس_كورونا ويأمل البدء قريبا بانتاجه على مستوى واسع. 	 9
arabic/1E_favorite query:انخفاض أعداد الوفيات والإصابات بوباء #كورونا في إيطاليا وفرنسا وألمانيا، وتراجع عدد الوفيات اليومي في أمريكا بنحو ألف حالة. معهد "باول إيرليش" الألماني يبدأ أول اختبار سريري على لقاح جديد، وجامعة أكسفورد البريطانية تبدأ اختبارا مماثلا. اللهم اجعله شهر توبة ورحمة وعافية. 	 90
arabic/1E_favorite query:وافقت شركة (AstraZeneca) التي تطور لقاح ضد الفيروس التاجي بالتعاون مع جامعة أكسفورد البريطانية بأن تقوم شركة (Kangtai) الصينية بإنتاج 100 مليون جرعة من لقاحها في عام 2020 و 200 مليون جرعة في عام 2021، وذلك بغرض الاستخدام المحلي (اللقاح يظهـر نتائج مبشرة) https://t.co/A41rjNwErk 	 8
arabic/1E_favorite query:وكالات | الرئيس الروسي #بوتين يُعلن أن بلاده طورت أول لقاح يوفّر "مناعة مستدامة" ضد فيروس كورونا المستجد (سارس كوف 2) المسبب لمرض كوفيد-19. -وقال :"إن إحدى بناته طُعمت باللقاح الجديد ضد فيروس #كورونا ". -وأكد ان "هذا اللقاح اجتاز كل الاختبارات". #روسيا https://t.co/VBvwGZsYqz 	 1
arabic/1E_favorite query:الجدل حيال اللقاح الروسي ضد #كورونا مُستمر بسبب ضعف تاريخ روسيا في إنتاج اللقاحات، ونقص البيانات العلمية المستقلة،وقلة أعداد الذين تلقوا اللقاح (تجريبيا) والتنافس الدولي على سرعة إنتاج لقاح فعال ضد جهاز مناعة بشري معقد يختلف من شخص لآخر،بناءً على العمر وعوامل صحية متعددة . https://t.co/dQh3ILAxRN 	 1
arabic/1E_favorite query:#كوفيد_19 #كورونا 2️⃣ أو أي لقاح يُنتج من وطنك أو دول شقيقة فهو بالتأكيد مضمون بأن لا تلاعب فيه . https://t.co/KQcyfijHbG 	 5
arabic/1E_favorite query:اتفاق بعض الدول لتطوير لقاحات ضد كورونا https://t.co/UufkskewhA Walaa Sheikh https://t.co/6wtiLc6lB1 	 0
arabic/1E_favorite query:تونس تعلن الشروع في تطوير لقاح ضد فيروس كورونا المستجد https://t.co/Y6Bq7H1dB7 	 69
arabic/1E_favorite query:بوتين: وزارة الصحة سجلت الثلاثاء أول لقاح في العالم ضد فيروس #كورونا، بعد اجتيازه جميع الاختبارات اللازمة https://t.co/SGlzS4kNWN 	 29
arabic/1E_favorite query:وزير #الصحة السعودي يؤكد لـ #العربية أنه سيتم تمديد التعليم "عن بعد" في حال عدم توفر لقاح لفيروس #كورونا @khalid76 https://t.co/EHfLxjEDf1 	 104
arabic/1E_favorite query:الرئيس التركي رجب طيب أردوغان: نحرز تقدماً كبيراً في تطوير لقاحات لوباء #كورونا https://t.co/uvH9mvzouE 	 71
arabic/1E_favorite query:فاينانشال تايمز: #ترامب يسابق الزمن للحصول على #لقاح بريطاني لـ #كورونا قبل الانتخابات #الولايات_المتحدة #كورونا #كوفيد_19 #بريطانيا #بوابة_الأخبار https://t.co/hVGWowNQwt 	 1
arabic/1E_favorite query:ابنة الرئيس الروسي تتلقى اللقاح المضاد #COVID19 لفيروس كورونا https://t.co/V2f7pMUTRo 	 7
arabic/1E_favorite query:٦ سنوات قد يستغرق اعطاء جرعتين من لقاح #كورونا ل ٧٥٪ من سكان الارض، بحسب بيانات نشرتها جامعة #جونز_هوبكنز الاميركية قصتنا طوييللةةةة🤨 	 762
arabic/1E_favorite query:أكد سفير #روسيا لدى #قطر نور محمد خولوف أن هناك تعاونا بين #موسكو و #الدوحة في مسألة إنتاج لقاح ضد فيروس #كورونا المستجد. وفي حديث لوكالة #نوفوستي الروسية أوضح أن الوزارات المختصة في الدولتين تبذل جهودا مشتركة نشطة بغية الوصول إلى لقاح ضد الفيروس 🇶🇦🇷🇺 #كوفيد١٩ #russia #qatar https://t.co/O5T21fWrax 	 117
arabic/1E_favorite query:تدشين مركز لقاحات كورونا في المستشفى الجامعي بمدينة السيح . 	 264
arabic/1E_favorite query:بوتين يعلن تلقي احدى بناته اللقاح الجديد ضد فيروس كورونا - قناة العالم الاخبارية https://t.co/QJX1KU8pCz 	 6
arabic/1E_favorite query:وزير الصحة الأردني الأسبق سعد الخرابشة: تعجل #روسيا في إنتاج لقاح #كورونا ﻷسباب سياسية واقتصادية.. والسرعة يجب ألا تكون على حساب الفاعلية والأمان #العربية https://t.co/SO4lTykdqC 	 15
arabic/1E_favorite query:https://t.co/MbPL8DYYqU هكذا يعمل اللقاح الروسي الذي سيكون على جرعتين بينهم 21يوم 	 0
arabic/1E_favorite query:6 لقاحات لـ #كورونا وصلت إلى الخط النهائي #العربية https://t.co/jvAvr69lsI 	 40
arabic/1E_favorite query:5 الآف متطوع لوزارة الصحة بعد فتحها باب التطوع لحد الان .. هذي عوايدها قطر 🇶🇦 بتكاتفنا نقهر #فيروس_كورونا  @MOPHQatar 	 2045
arabic/1E_favorite query:الصحة العالمية: 6 لقاحات ضد #كورونا في مرحلة جيدة من التجارب السريرية للتفاصيل: https://t.co/btikRZBl8u #نتصدر_المشهد https://t.co/TcoZeTitEo 	 5
arabic/1E_favorite query:المسار | جهود لتوفير اللقاح ضد #كورونا لجميع دول أمريكا اللاتينية #صحيفة_المسار #عاجل https://t.co/diSBV3BQwS 	 2
arabic/1E_favorite query:تعلن #جامعة_تبوك -مركز الخدمات الطبية - عن توفر لقاح #كورونا لجميع منسوبي الجامعة والطلاب والطالبات والمواطنين والمقيمين وذلك بمقر مركز الخدمات الطبية بالمدينة الجامعية. التسجيل عبر تطبيق #صحتي https://t.co/mrPCq76UwN 	 3
arabic/1E_favorite query:سباق محموم لتطوير لقاحات.. والاقتصادات تتراجع على وقع تفشي "#كورونا" للتفاصيل: https://t.co/w7OsLaPDkc #نتصدر_المشهد #COVID19 https://t.co/g8BEFMsTTQ 	 5
arabic/1E_favorite query:@alwelayalrsheda لا اظن توجد مؤامرة بنوايا سيئة في فايروس #كورونا ، و لكن حاولوا ايجاد لقاح للفايروس سارس ، فمكر الله بهم واصبح سارس2 هو #كوفيد19 (الي برز الدوأ قبل الفلعه) بجهود مؤسسات في امريكا و الصين . 	 1
arabic/1E_favorite query:فى شركات ادوية عالمية محترمة و مراكز ابحاث أعلنت فى مؤتمرات صحفية و منشورة انها فى مراحل نهائية من تجارب لقاح Covid - 19 بل ان بعض الشركات دى أعلنت خطة انتاج متوقعة ب 100 مليون جرعة بنهاية 2020 و 1.2 بليون جرعة بنهاية 2021 . و أبحاثها تعتمد على mRNA بتاع كوفيد . تصريحات WHo غريبة 	 25
arabic/1E_favorite query:#روسيا تطلق أول حملة تطعيم ضد #كورونا أكتوبر المقبل https://t.co/qLvR7Q5aSA 	 2
arabic/1E_favorite query:الصحة السعودية : لقاح #كورونا شرط رئيس لأداء فريضة الحج هذا العام #الشرقية_نيوز https://t.co/CQhNHOWRzI 	 61
arabic/1E_favorite query:لقاحات فيروس #كورونا الجاري اختبارها حول العالم💉 التجارب ما قبل السريرية: 138 المرحلة الأولى: 25 المرحلة الثانية: 15 المرحلة الثالثة: 7 موافقات الدول: 2 (الصين 🇨🇳 وروسيا 🇷🇺) موافقات منظمة الصحة العالمية: صفر المصدر: WHO 	 18
arabic/1E_favorite query:وزيرة الصحة تعلن موافقة الاتحاد العالمي للأمصال واللقاحات إشراك مصر ضمن الدول التي ستُوفَر لها حصة من تطعيم #كورونا حال الانتهاء من تصنيعه https://t.co/74SencgRQl 	 11
arabic/1E_favorite query:فاوتشي يحذر من أن لقاح كوفيد-19 قد يكون فعالا جزئيا https://t.co/ZyEdjHsa4i #COVID19 #USA 	 15
arabic/1E_favorite query:المانيا تقول ان اختبارات لقاح #كورونا في روسيا لم تكن كافية .. هل هو موقف علمي ؟ ام موقف نابع من خسارة مالية بمليارات اليورو؟ بوتين امام اختبار المصداقية 	 146
arabic/1E_favorite query:#ترامب يعلن قرب التوصل إلى لقاح #كورونا https://t.co/B3y1LokCNS 	 22
arabic/1E_favorite query:#الأردن .. بدء تجربة اللقاح الإماراتي ضد #كورونا على المتطوعين. https://t.co/BGSCZwaDFB https://t.co/ROJP687Sv5 	 29
arabic/1E_favorite query:جي 42 توسع مراكز تجارب لقاح #كورونا عالمياً لتشمل مملكة #البحرين https://t.co/v5SE1bgIAt https://t.co/aQ2BuAhxqF 	 3
arabic/1E_favorite query:🔴 #منظمة_الصحة_العالمية: لا يوجد لقاح لـ #كورونا استوفى الشروط حتى الآن https://t.co/li6tmDE4tr 	 125
arabic/1E_favorite query:روسيا تطلق اسم «سبوتنيك 5» على أول لقاح في العالم ضد #فيروس_كورونا https://t.co/AUc3LQbbd6 https://t.co/NNaJYu24fX 	 0
arabic/1E_favorite query:#بوتين يكشف الحالة الصحية لابنته بعد تلقيها لقاح #كورونا الروسي https://t.co/06vM2ZwYKi 	 17
arabic/1E_favorite query:استنادًا إلى أمر خادم الحرمين الشريفين - حفظه الله - القاضي بمنع التجول للحد من انتشار فيروس كورونا الجديد لمدة 21 يوما، تود الوزارة إيضاح الاستثناءات المتعلقة بمنع التجول. https://t.co/8gxXbeVD0s 	 3084
arabic/1E_favorite query:رغم تحذير منظمة الصحة العالمية وإغلاق المطارات والحدود مع #ايران إلا أن طائرة لنظام #قطر( QTR8320) غادرت طهران وعلى متنها عدد من قيادات الحرس الثوري..قبل ساعات وحطت في مطار بيروت الدولي وكان في الاستقبال قيادات حزب الله لبنان..نقلوا الشحن!واسعافهم نقل مصابين ب #كورونا؟ #امجد_طه https://t.co/Ip5Yye1o08 	 465
arabic/1E_favorite query:مديرة إدارة البرامج بمنظمة #الصحة_العالمية في مؤتمر صحفي عبر صفحة المكتب الإقليمي للمنظمة بشرق المتوسط على فيسبوك: لا يوجد حتى الآن أي لقاح لـ #كورونا استوفى شروط المنظمة. https://t.co/shBnkm0BA2 	 40
arabic/1E_favorite query:حذر نائب رئيس الأطباء في انجلتره البريطانيين- الذين تلقوا لقاح الإنفلونزا- بأنهم ضمن فئة "المخاطر العالية" من #كورونا، ويجب أن يعزلوا أنفسهم لمدة ١٢ أسبوعا! https://t.co/78lGdj3er1 	 49
arabic/1E_favorite query:مراسل #العربية في #موسكو مازن عباس: 20 دولة طالبت #روسيا بتوريد لقاح #كورونا أو المشاركة في إنتاجه.. والمصانع لا تستطيع توفير كميات كبيرة للتوزيع الخارجي https://t.co/ZQVtz3kEnr 	 33
arabic/1E_favorite query:هذا الدواء ليس لقاح بل يستخدم لعلاج المصابين بفيروس #كورونا فهذا يعني أن ترامب مصاب بالفايروس .. https://t.co/RAx1C7Pkdw 	 6
arabic/1E_favorite query:مدير قسم المناعة والفيروسات بمستشفى الملك فيصل التخصصي أشرف الدادا: إنتاج اللقاح الروسي لــ #كورونا يعتمد الطريقة الكلاسيكية.. والاختبار على 76 شخصا فقط لفترة وجيزة غير كاف #العربية https://t.co/g6SIGMOsGY 	 42
arabic/1E_favorite query:الصحة العالمية : لا يوجد لقاح لفيروس #كورونا استوفى الشروط حتى الآن #الشرقية_نيوز https://t.co/ELTpn4PRXr 	 116
arabic/1E_favorite query:#ترامب يتهم "الدولة العميقة" بالعمل على إبطاء اختبارات لقاحات كوفيد-19 وتأخيرها #COVID19 #نلتزم_لننتصر #CommitToWin https://t.co/8hLrAVlD07 	 6
arabic/1E_favorite query:بوتين يعلن اليوم عن اول لقاح في العالم لفايروس كورونا #كورونا #روسيا #الكويت https://t.co/EPkTlhT9gm 	 8
arabic/1E_favorite query:#الهند تختبر 3 لقاحات ضد #فيروس_كورونا وتعلن استعدادها لإنتاج كميات كبيرة منها.. https://t.co/4TizitzErc 	 59
arabic/1E_favorite query:وسط شكوك أبداها الخبراء الغربيون إزاء اللقاح الروسي بسبب "انتهاكات جسمية" لأخلاقيات مهنة الطب، رافقت ما وصف بـ"الإعلان المستعجل" للقاح فيروس كورونا #سبوتنيك_في ، الذي أعلن عنه الرئيس فلاديمير بوتن قبل أيام يبقى السؤال هل سينجح هذا اللقاح حقاَ؟؟ 	 3
arabic/1E_favorite query:متحدث الصحة 🇸🇦 : - #عدم_مشارکت أخذ لقاح فيروس #كورونا هي مغامرة وخطوة #خطيرة. - #مناعة اللقاح أكثر #مأمونية من مناعة الإصابة بفيروس #كورونا. - #استمروا في تطبيق الإجراءات الوقائية. - #جميع اللقاحات في #المملكة آمنة وفعالة،وليس هناك أفضلية للقاح دون #آخر. 	 6
arabic/1E_favorite query:المدير العام لـ #منظمة_الصحة_العالمية يؤكد أن هناك 6 لقاحات في مرحلة جيدة من التجارب السريرية من بين قرابة 200 لقاح تتعلق بفيروس #كورونا المستجد @WHO #COVID19 https://t.co/zKevp6l2DU 	 12
arabic/1E_favorite query:يتميز لقاح #جونسون_آند_جونسون بأنه أحادي الجرعة، إضافة لكونه سهل التخزين؛ لأن حفظه لا يستلزم بيئة أكثر برودة من البراد العادي. وقد أوقف اللقاح 66% من حالات كوفيد-19 الخفيفة والخطيرة في تجربة أجريت في ثلاث قارات. فهل يحصل أخيراً على ترخيص الاستخدام الطارئ؟ https://t.co/v1cbMshcjK 	 3
arabic/1E_favorite query:اللقاح الروسي أجري فقط على 18 شخصا ولم يبدأ مرحلته الثالثة. أحد أعضاء فريق اكسفورد يعلق على اللقاح الروسي. https://t.co/c2mFMbtl73 https://t.co/NHk2IELtKU https://t.co/mPghuvfGdp 	 17
arabic/1E_favorite query:شركة أدوية إنجليزية توفر مليار جرعة من لقاح محتمل لـ #كورونا https://t.co/3NjeJW3Kpe 	 17
arabic/1E_favorite query:مخاطر التعجيل بطرح اللقاح رغم الحاجة الملحة.. الخبير الأميركي المرموق أنتوني #فاوتشي يحذر من "فكرة سيئة" حول لقاح #كورونا #العربية https://t.co/KNQ1IqNlCw 	 12
arabic/1E_favorite query:الإعلام الأمني: غير صحيح ما تم تداوله على مواقع التواصل الإجتماعي بصدور قرار من وزارة الداخلية بعدم السماح الدخول للأسواق والمجمعات التجارية والجهات الرسمية الا بعد اشهار بطاقة اخذ لقاح (كوفيد - 19) 	 109
arabic/1E_favorite query:أعلن مساعد وزير الصحة الإيراني أن اللقاح المضاد لفيروس #كورونا الجديد لبلاده يوشك على الانتهاء من مرحلة الدراسات على الحيوانات. وأشار إلى أن #إيران تحتل مرتبة عالية بين دول المنطقة والدول الإسلامية في مجال الأبحاث والتكنولوجيا وأصبحت تمتلك القدرة على إنتاج الكثير من الأدوية. https://t.co/IrV34itnuc 	 34
arabic/1E_favorite query:وزارة الصحة الروسية : اللقاح الروسي ضد فيروس كورونا المستجد؛ دخل مرحلة الاختبارات النهائية، ومن المتوقع تسجيله رسمياً الأسبوع المقبل https://t.co/8O9xmXiCuU 	 219
arabic/1E_favorite query:🔴 #استقالة كبير أطباء الجهاز التنفسي في #روسيا، #الكسندر_تشوشالين بسبب مخاطر لقاح #كورونا https://t.co/RTpShS2iYX 	 8
arabic/1E_favorite query:@AJELNEWS24 تدمير اقتصاد وتعطيل لمصالح الناس وكله بمسمى كورونا كثير ناس اعرفهم صابتهم كورونا ونفس الزكام ضحكو عليكم الغرب بيع لقاحات بالمليارات وضرب لقتصاداتكم 	 0
arabic/1E_favorite query:روسيا.. تسجيل لقاح مضاد لكورونا قريبا للمزيد: https://t.co/dwFdpdVWVl #كورونا #فيروس_كورونا #روسيا #RT_Arabic https://t.co/oCzwlNsN6K 	 146
arabic/1E_favorite query:@MOPHQatar لقاحات كوفيد ١٩ تكون جاهزة في هذا العام: 1- لقاح جامعة أكسفورد (بريطاني) 2- لقاح شركة Moderna الامريكية (mRNA-1273) 3- لقاح شركة CanSino الصينية (AD5-NCOV) 4- لقاح شركة Inovio الامريكية (INO-4800) 5- لقاح شركة Sinovac الصينية (PICOVACC) 6- لقاح شركة BioNTech الالمانية https://t.co/DVDYGBs9Xl 	 4
arabic/1E_favorite query:5580 متطوعاً يتلقون لقاح #كورونا في #الإمارات #نتصدر_المشهد #نلتزم_لننتصر #CommitToWin https://t.co/MrDzFtcvpP 	 13
arabic/1E_favorite query:#روسيا: 20 دولة طلبت شراء مليار جرعة من لقاح #كورونا https://t.co/LcTU18808X https://t.co/4WHT2PMxc3 	 16
arabic/1E_favorite query:دعوة للتفاؤل.. المتطوعة "جينيفر هالر" تحصل على الجرعة الأولى من اختبار لقاح فيروس #كورونا في مدينة سياتل الأمريكية https://t.co/roIUupSyCh 	 696
arabic/1E_favorite query:بعد الإعلان الروسي عن تطوير أول لقاح لكورونا - الإنتاج الصناعي للقاح سيبدأ الشهر القادم - 20 دولة طلبت مسبقا مليار جرعة #كورونا https://t.co/oTJnaeFElK 	 4
arabic/1E_favorite query:سيتلقى 40 ألف متطوع روسي لقاحًا ضد فيروس #كورونا المستجد بدءًا من الأسبوع المقبل، ووافقت الحكومة الروسية مؤخرًا عليه وأشادت به. وسيستخدم اللقاح -الذي أطلقت روسيا عليه اسم سبونتيك 5- في دراسة سريرية لمقارنة تأثيره مع لقاح وهمي. https://t.co/euaB5SWcBr 	 9
arabic/1E_favorite query:كما أشار الرئيس الروسي إلى أن #لقاح_كورونا أصبح جاهزا، و أن ابنته أخذت اللقاح الجديد، كدليل على ثقته الكبيرة بفاعلية وسلامة #اللقاح #كورونا #كوفيد_19 #فيروس_كورونا https://t.co/f2HsHgbrDi 	 49
arabic/1E_favorite query:#عـــــــــاجل: الوزير الأول جراد: الجزائر ستكون من بين الدول الأوائل التي ستقتني لقاح فيروس كورونا 	 36
arabic/1E_favorite query:#الشروق | توقيع اتفاقية تعاون بين مصر والصين في مجال تصنيع لقاحات فيروس كورونا الشهر المقبل https://t.co/FgdAGoPu4Y #كورونا #فيروس_كورونا #COVID19 https://t.co/5UQEy0XMJJ 	 6
arabic/1E_favorite query:صحيفة الراي / عاجل| الصحة: 1716 إصابة جديدة ب كورونا و 8وفيات - الاصابات زادت بوجود لقاح وهذا الشي يخلي الواحد بحيره بصراحه !!! نبي يحطون كل محافظه عدد المصابين وتقسيمهم عدد الكويتيين والوافدين #وزارة_الصحة_الكويت https://t.co/xdOTMOs4cy 	 0
arabic/1E_favorite query:رسميا.. بوتين يعلن تسجيل روسيا أول لقاح في العالم ضد فيروس كورونا والبدء سيكون بتطعيم الكوادر الطبية وكبار السن 	 499
arabic/1E_favorite query:مستشار الأوبئة بالشبكة الشرق أوسطية للصحة المجتمعية عادل البلبيسي: "الصحة العالمية" تدعم الإسراع في إنتاج لقاحات #كورونا بسبب الحاجة الملحة إليها #العربية https://t.co/SB0jRQPnOZ 	 8
arabic/1E_favorite query:إلبسو كمامتكم! ألينا ، 10 سنوات ، تظهر بفخر قناعها في السودان. جائحة كوفيد -19 لم ينته بعد. إلى أن نحصل على لقاحات أو أدوية لوقف الفيروس، فإن ارتداء الكمامة والتباعد الجسدي وغسل اليدين هي أفضل الأدوات التي لدينا. دعونا جميعا نقوم بدورنا! #إسبوع_لبس_الكمامة! #لا_تنسوا_الكمامة😷 https://t.co/crBsVLtAae 	 65
arabic/1E_favorite query:العراق يتفق مع روسيا على توريد مليون جرعة من لقاح سبوتنيك وسيتم توريد شحنة عاجلة خلال أسبوعين https://t.co/QwifyldIHh 	 0
arabic/1E_favorite query:محافظ مطروح يشهد انطلاق تطعيم أصحاب الأمراض المزمنة وكبار السن بلقاح كورونا.. غدا https://t.co/dO4dHTQ4h0 	 3
arabic/1E_favorite query:ترامب: الدولة العميقة بإدارة الغذاء والدواء تعرقل تجارب لقاحات #كورونا #علوم_الدار https://t.co/HWxzDPrCid 	 3
arabic/1E_favorite query:إبنة الرئيس الروسي تأخذ جرعة اللقاح المسمى (Sputnik ) كهدية من روسيا العظمى للعالم باعتباره أول لقاح لعلاج فيروس كورونا .. بينما لازالت هناك كائنات حية محسوبة على الإنسانية تعيش على سطح هذا الكوكب منشغلين بالدعاء على الروس وكافة الغرب أن اللهم احصهم عددا واقتلهم بددا .. 🕊🌴 https://t.co/J2gN3VL8AB 	 13
arabic/1E_favorite query:خبر جيّد : غير لقاح #روسيا في ٣ لقاحات صاروا بالمراحل الأخيرة ب #أميركا ولقاح في #بريطانيا ! مبدئيًا بكانون الاول بصير في لقاح بالسوق 🙏🏻 #كورونا 	 126
arabic/1E_favorite query:رئيس وزراء أستراليا سكوت موريسون قرر يشتري لقاح اشتغلت عليه جامعة أكسفورد واتفق مع شركة أدوية أسترالية لتصنيعه في أستراليا وسوف يكون مجاني لكل الأستراليين وعددهم 25 مليون ... #كورونا #أستراليا https://t.co/P5kiEjv3Tl 	 4
arabic/1E_favorite query:اطلقت الدكتوره كاري ماديج تحذيرها من لقاح فيروس كورونا https://t.co/YytNbnmZVA 	 64
arabic/1E_favorite query:روسيا تعلن عن لقاح فعّال يقضي على فيروس #كورونا. #كوفيد_١٩ https://t.co/mikEQk0Gtx 	 13
arabic/1E_favorite query:#فيروس_كورونا لقاح الدب الروسي مشكوك في فعاليته، ربما الدب الروسي تغير دبدوب 🙂 https://t.co/Fes8UM2olf 	 10
arabic/1E_favorite query:شركة فرنسية: لقاح #كورونا سيُتاح في جميع أنحاء العالم في وقت واحد لتخطي الحجب https://t.co/K3ub0wxjHH للمزيد https://t.co/9QA97VnGeo 	 1
arabic/1E_favorite query:أصيب مريضان من اوربا مرة أخرى بفيروس كورونا مما أثار مخاوف بشأن المناعة وفعالية اللقاح https://t.co/Vz1GCvkYtF 	 6
arabic/1E_favorite query:عاجل- #الاتحاد_الأوروبي يتفق مع مجموعة سانوفي للأدوية على شراء 300 مليون جرعة لقاح محتمل ضد #كورونا #العرب #علم_الكويت https://t.co/X4SgpgM9lo 	 2
arabic/1E_favorite query:إن شاء الله في خلال الأسابيع القادمة دول عديدة ستطرح لقاح لفايروس #كورونا المستجد #كوفيد_19 والإمارات من ضمنها. 	 4
arabic/1E_favorite query:الحكومة الاسترالية @ScottMorrisonMP تعلن الاتفاق مع استرازينيكا @AstraZeneca لتوفير تطعيم 💉AZD1222 (تطعيم جامعة أوكسفورد) ل25مليون أسترالي (كل الشعب الأسترالي) ستوفرها لهم الحكومة بالمجان، في حال نجاح التجارب الإكلينيكية واعتماد التطعيم (273) https://t.co/8NVZB3uoA2 https://t.co/RpwwjV6NuP 	 16
arabic/1E_favorite query:بالفيديو.. شاهد ابنة الرئيس الروسي تتلقى اللقاح الذي أعلن عنه فلاديمير #بوتين اليوم كأول لقاح لـ #كورونا في العالم https://t.co/tvxBiPefMB 	 19
arabic/1E_favorite query:وزير الصحة في #ألمانيا : لقاح #روسيا لـ #كورونا لم يختبر على نحو كافٍ https://t.co/Nq1XBNyH7M #العربية 	 33
arabic/1E_favorite query:#أستراليا.. اختبارات على لقاح ضدّ #كورونا تظهر فعاليته في التجارب ما قبل السريرية. https://t.co/86WgrcALH8 https://t.co/W9U809Dmcx 	 26
arabic/1E_favorite query:خبر سار.. علماء أمريكيون: لا تغير على فيروس كورونا وأي لقاح متطور سيحمي منه لسنوات https://t.co/IPPCmzZ22m https://t.co/BwIW2dHq7l 	 2
arabic/1E_favorite query:وكالة الحدث الاخبارية - وزير الصحة الأردني: نجري اتصالات مع روسيا لشراء لقاح فيروس كورونا https://t.co/1x3vC22oSl via @@alhadathnewsce1 	 0
arabic/1E_favorite query:#بوتين يعلن رسمياً تسجيل روسيا لأول لقاح مضاد لفيروس #كورونا لتفاصيل أكثر: https://t.co/8OO0YfNrdY #الشرق #Asharqnews #فيروس_كورونا https://t.co/hICQ4gbYNu 	 5
arabic/1E_favorite query:#هام #بوتين: تسجيل أول لقاح ضد فيروس #كورونا في العالم #يونيوز. 	 6
arabic/1E_favorite query:#روسيا تعلن أن الانتاج الصناعي للقاح "سبوتنيك" ضد فيروس #كورونا (كوفيد_19) سيبدأ في سبتمبر المقبل، وتؤكد: 20 دولة قدمت طلبات للحصول على اللقاح الروسي. https://t.co/eFzQCVvgGn 	 11
arabic/1E_favorite query:بعدما حذّر من أن أمريكا ستعرف "الشتاءالأكثر ظلمة بالتاريخ المعاصر" وعارض دعوة #ترامب لاستخدام دواء"الهيدروكسي كلوروكين" لعلاج مرضى #كورونا ترامب يطيح بالدكتور ريك برايت ويعين العالِم المغربي الأصل منصف السلاوي رئيسا للجهود الحكومية الأميركية لتطوير وتوزيع لقاح لفيروس كورونا https://t.co/k2i6NQ9gvE 	 604
arabic/1E_favorite query:لقاح #moderna #موديرنا يدخل المراحل الأخيرة بعد نجاحه في المرحلة السريرية. #كوفيد_19 https://t.co/hdg8hCaiEJ 	 19
arabic/1E_favorite query:#الصحة_العالمية حول لقاح #روسيا ضد فيروس #كورونا المستجد: مرحلة ما قبل الترخيص تتضمن مراجعة وتقييم لكل بيانات السلامة والفعالية المطلوبة التي تم جمعها خلال مرحلة التجارب السريرية #عاصمة_الربيع https://t.co/9gAeP1ulBY 	 1
arabic/1E_favorite query:مستفيدون مواطنون ومقيمون يتلقون الجرعة الأولى من لقاح #كوفيد_19 بمركز لقاحات مجمع القصيم التخصصي الوطني بمحافظة #الرس https://t.co/hXExSPlgZk 	 151
arabic/1E_favorite query:مبارح تبرعت الصين مشكورة ب50,000 لقاح سينوفارم ومر الموضوع من دون أن يراه أحد!! المفارقة انو جماعة أميركا طبلولنا راسنا ب 5,000 كمامة وزعتهم استعراضياً سعادتها عالطرقات..أميركا لا تشتري الضمائر فقط بل تغسل العقول أيضاً.. @ChinainLebanon 	 277
arabic/1E_favorite query:الله اكبر ولعزة للاسلام السفير الصيني 👇 الجزائر هي البلد الاول التي سنقدم لها لقاح فيروس كورونا فور إعتماده من منظمة الصحة العالمية🇩🇿 https://t.co/WjhxjCv043 	 327
arabic/1E_favorite query:#روسيا تخطط لإنتاج 6 ملايين جرعة شهريا من لقاح #كورونا https://t.co/yX3Qw50Z5Z 	 2
arabic/1E_favorite query:من المحتمل ألا تكون جرعة واحدة من لقاح فيروس #كورونا كافية. https://t.co/XcKRXLgwzW 	 1
arabic/1E_favorite query:منظمة الصحه العالميه : حتى الان لم نجد تغييرا فى جينيات او سلوك فيروس كورونا او فى تكوينه لازال الخبراء يعملون على تطوير لقاح مناسب له @ م ك م 	 2
arabic/1E_favorite query:#وزارة_الصحة : - ننصح من يعانون من الأمراض الصدرية بالمسارعة في أخذ لقاح #كورونا - لايمكن إعطاء اللقاح للمصابين بالحساسية المفرطة - أكثر من 350 مركزاً لتلقي اللقاحات في #المملكة -لايلزم الحجر بعد المخالطة لمن أخذ اللقاح واستكمل التحصين -معظم الشائعات حول اللقاح مغلوطة ونحذر منها 	 18
arabic/1E_favorite query:السفير الروسي بالقاهرة: نتطلع لإقامة شراكة مع مصر لإنتاج لقاح #كورونا 	 60
arabic/1E_favorite query:أظهر بحث حديث لاشخاص ٨٠ عاما و فوق و أول من تلقي اللقاح في إنجلترا ان جرعه واحده من لقاح استرازينكا او فيزر ضد كورونا يقل الحاجة للعلاج بالمستشفى، نسبة تفوق 80٪ و بدأ التأثير ٣-٤ أسابيع بعد التطعيم وان جرعتين توفر حمايه اكتر. شجعو ابائكم و احبابكم كبار السن و أجدادكم علي التطعيم https://t.co/POzuuzdSIv 	 2
arabic/1E_favorite query:إعطاء أولوية لقاح #كورونا إلى العاملين في المجال الطبي وكبار السن في #اليابان https://t.co/05FRJdGAJi 	 24
arabic/1E_favorite query:تتجه الأنظار نحو #روسيا بعد أن أعلن #بوتين عن تسجيل أول لقاح لـ #فيروس_كورونا https://t.co/waNSyg31Ax 	 10
arabic/1E_favorite query:الحكومة الأمريكية تحجز💉100مليون جرعة تطعيم جونسون&amp;جونسون 💉Ad26.COV2.S💉 واحتمالية شراء200مليون جرعة إضافية https://t.co/NaqT1jmWuf 🗓في سبتمبر ستبدأ التجارب الإكلينيكية المرحلة الثالثة على👥60ألف شخص في 🇺🇸🇧🇷🇲🇽🇿🇦🇺🇦🇵🇪🇵🇭🇨🇱🇨🇴 https://t.co/p1aEGY5e72 🧠التطعيم: جرعة💉واحدة (258) https://t.co/fEvUBLe1Ck 	 21
arabic/1E_favorite query:لقاح جونسون آند جونسون الذي أجيز في امريكا كلقاح ثالث له آثار جانبية اقل ولا يحتاج لحفظ في درجة منخفضة وهو جرعة واحدة فقط. يتوقع توزيع اربع ملايين جرعة. https://t.co/t8tCmAMPxV 	 61
arabic/1E_favorite query:الرئيس الروسي يعلن تسجيل أول لقاح ضد فيروس #كورونا في العالم التفاصيل مع مراسلنا يوسف بقار https://t.co/ItU543bWOO 	 3
arabic/1E_favorite query:حتى تعود حياتنا لطبيعتها حددت وزارة الصحة مستهدف تطعيم ٧٠% من سكان #المملكة. لو استمرينا على هذه الوتيرة سنصل للمستهدف في مارس ٢٠٢٤ الدولة أعزها الله لم تأل جهداً في تذليل الصعاب وعمل ما يلزم للحفاظ على سلامة المواطن والمقيم.. الآن دورنا في تحفيز من يهمنا لأخذ #لقاح_كورونا https://t.co/HC3fVBxJpW 	 52
arabic/1E_favorite query:روسيا.. تسجيل أول لقاح لكورونا في العالم الأسبوع المقبل https://t.co/qrr6UW6VYf #الغد #كورونا 	 11
arabic/1E_favorite query:مدير عام الشؤون الإدارية والمالية الأستاذ عبدالله بن راشد السماري يتلقى الجرعة الأولى من لقاح فايروس كورونا في المستشفى الجامعي في #الخرج https://t.co/9ku2MdtjlK 	 13
arabic/1E_favorite query:بعد الاعلان المقتضب ل شركة مودرنا حول نجاح المرحلة الاولى من تجارب لقاح كوفيد١٩ المكون من mRNA نشرت الان دراسة مفصلة حول لقاح اخر من شركة CanSino الصينية. اللقاح (Ad5-nCoV) يعتمد على استخدام فيروس ادنو مخفف يحمل شيفرة للبروتين الخارجي (S) الخاص بكوفيد١٩. https://t.co/zyW0Qccjo1 	 13
arabic/1E_favorite query:شركة #فايزر للأدوية: لقاح لفيروس #كورونا في بداية الخريف 💉😮 #كوفيد19 #covid19 #coronaupdate #corona https://t.co/3527n6jiGp 	 4
arabic/1E_favorite query:ترامب يعلن عن عقد لشراء 100 مليون جرعة من لقاح كورونا بقيمة 1.5 مليار دولار #ترامب #كورونا https://t.co/0BHGdqGQXI 	 24
arabic/1E_favorite query:#الجُمان فيروس كورونا: فرنسا تتراجع عن موقفها بشأن لقاح أسترازينيكا لمن تجاوزا 65 عاما، وللتفاصيل https://t.co/jv95D3tT9x 	 0
arabic/1E_favorite query:«#شؤون_الحرمين» تدشن الركن التوعوي لأهمية أخذ لقاح #كورونا https://t.co/mCCDYLmknP https://t.co/Td7RY9cBKh 	 4
arabic/1E_favorite query:#وزير_الصحة: سيتم تمديد #التعليم_عن_بعد في حال عدم توفر لقاح.. وإغلاق المدارس كان سببا في انخفاض الإصابات https://t.co/dsmbaggI1Q #كورونا #السعودية https://t.co/SUjMquak3u 	 29
arabic/1E_favorite query:كورونا في الجزائر | مواطنون يتحملون مسؤولية تفشي الوباء والتوصل لأول لقاح ل #كورونا في العالم ومساع #جزائرية لاقتنائه وتفاصيل أخرى تابعونا https://t.co/sJTKjVhUyq 	 0
arabic/1E_favorite query:#وزير_الصحة: لقاحات #كورونا ستتوفر مجانًا في الصيدليات في مختلف مناطق المملكة https://t.co/Xpi5zJWxSs 	 786
arabic/1E_favorite query:#ترامب وزوجته اخذا لقاح #فيروس_كورونا قبل مغادرتهما البيت الابيض بهدوء وبعيدا عن الأضواء والكاميرات. الكثير من محبيه يرفضون أخذ اللقاح. https://t.co/XQxv2jQoc3 	 60
arabic/1E_favorite query:▫️خلاصة #كورونا -#فايروس الايدز ينتقل من شخص لآخر من خلال الاتصال الجنسي او نقل الدم وهذا الفايروس لازال موجودا ولم يتم القضاء عليه ولكن تم ايجاد لقاح له بعد سنوات -فايروس #كورونا ينتقل من خلال اللمس او العطس ومن خلال طبيعة حياة الانسان اليوميه ولذلك هو سهل الانتقال جدا ، 1️⃣ https://t.co/j5RyKBxJre 	 30
arabic/1E_favorite query:موسكو تعلن إنتاج دفعة أولى من لقاح كوفيد 19 الروسي المثير للجدل #روسيا #كورونا #لقاح https://t.co/EqNBfE4qRO 	 33
arabic/1E_favorite query:لما يصبح الإنسان أقل قيمة من الحيوان🤧 قبل ان تكمل القراءة إجلس حتى لا يصيبك الدوار أنسجة أجنة تم إجهاضها حية وهذا لاستئصال قلوبها وهي تنبض بدون أي تخدير ليتم إستخدامها في اللقاحات أغلب لقاحات كوفيد التي يتم تطويرها حاليا تعتمد على هذه الأنسجة البشرية لزراعة فيروس كورونا 🤧👇 https://t.co/oRc1lj5jwj 	 181
arabic/1E_favorite query:الزميل الدكتور @majdigood اخصائي اول السموم والكيمياء الشرعيه ل @ajlnews في حديث حول فاعلية اللقاح الذي أعلنته روسيا . ‘’لا نعرف الآلية ولا المراحل ولا النتائج ونسبتها، حتى يكون هناك تقييم علمي للنتائج والفاعلية الطبية في مواجهة الفيروس، التى يفترض أن تظهر خلال الفترة المقبلة'' https://t.co/mToxYAABnq 	 3
arabic/1E_favorite query:#فرنسا قررت توفير الوقت وتجاوز مرحلة اكتشاف لقاح ضد فيروس #كورونا فأعلنت شركة سانوفي أن الدواء المضاد للملاريا أثبت فعالية في استشفاء مرضى كورونا وأنها مستعدة لتقديم ٣٠٠ ألف جرعة. 	 54
arabic/1E_favorite query:اللي وصف لك الزنجبيل والحبة السوداء ظلمك والله.. خذ وصفت الكمثرى وان شاء الله تعدي #كورونا و تأخذ مناعه طبيعية بدون لقاح في طور التجربة وتدعي لي شفتوا نتيجة الزنجبيل و الحبة السوداء لكورونا.. الله يشفيك اخي الكريم https://t.co/n7deKlbdDT 	 17
arabic/1E_favorite query:السفير الصيني بـ #الرياض: تم استخدام لقاح #كورونا بشكل طارئ لبعض الفئات https://t.co/mZGW8CVL44 	 0
arabic/1E_favorite query:شركة J&amp;J ستبدأ المرحلة الثالثة من تجربة لقاح فيروس #كورونا المحتمل في سبتمبر https://t.co/AGTyuz03mv 	 5
arabic/1E_favorite query:الرئيس الروسي فلاديمير بوتين يعلن تسجيل أول لقاح في العالم مضاد لفيروس #كورونا ذاكرا أن ابنته حصلت عليه #روسيا #كوفيد_19 #عمان_تواجه_كورونا #عمان_نحو_التعافي #نخبه_مغردي_عُمان https://t.co/NKeCE1nLTd 	 6
arabic/1E_favorite query:التجارب على لقاح #كورونا من شركة Moderna بدأت اول متطوعين 2 اخذوا اللقاح ومتوقع ان 40+ غيرهم بعد ياخذونه ضمن المرحلة التجريبية صحيح ان اللقاح ياخذ وقت عشان نعرف نتائجه لكن هذي خطوة بالاتجاه الصحيح 😍 https://t.co/0orQoZKjYh 	 28
arabic/1E_favorite query:طبيب ايطالي يدعو الشعب الايطالي الى عدم الفحص لانه الطريقة الوحيده التي تمنحهم العذر لاعطائك اللقاح. والايجابي لايعني انك مريض ابدا. هناك حملات لفحص الاطفال في المدارس حتى يكون هناك عذر لفحص جميع افراد العائلة وفرض اللقاح عليهم. تم فرضه في الصين والآن في اسبانيا والدول الاتينية. https://t.co/7deSFcLbyo 	 137
arabic/1E_favorite query:خبراء ومتطوعون: تلقي جرعات من لقاح #كورونا غير النشط مشجع ومفيد لخدمة الإنسانية للتفاصيل: https://t.co/DOZ0BDIMGG #نتصدر_المشهد #نلتزم_لننتصر https://t.co/SHUxMXKRtO 	 11
arabic/1E_favorite query:عاجل | #ترمب: سنعلن قريباً عن لقاح ضد #كورونا https://t.co/5t3eIvPjBE https://t.co/v0eazc2968 	 26
arabic/1E_favorite query:شركة بريطانية "Hvivo" تبحث عن 24 أشخاص، ليكونوا "فئران تجارب" حيث ستتم إصابتهم عمدا بسلالتين من فيروس #كورونا في محاولة لتطوير لقاح ضد المرض، مقابل 3500 جنيه استرليني لمدة أسبوعين. أعتقد أن الشركة ستجد ضالتها بسهولة في اللاجئين المتكدسين عند الحدود. https://t.co/4NtiaVhGmJ 	 12
arabic/1E_favorite query:الصحة الألمانية تشكك بفعالية ونوعية وسلامة اللقاح الروسي ضد #كورونا #UTV_عراق #UTV_أنت https://t.co/tf3Sj6hvZq 	 10
arabic/1E_favorite query:#روسيا تعلن بدء إنتاج لقاح #كورونا #COVID19 https://t.co/RVK0J3Omaj 	 26
arabic/1E_favorite query:د.غوتليب مفوض سابق FDA الامريكية ل CNBC لم يسبقونا على الإطلاق -لا يوجد نتائج لدراسات اللقاح -لا نعلم هل هو جرعه ام جرعتين،كيف سيكون التوزيع -الاختبارات على البشر لا يتعدون ال١٠٠ شخص وبدات قبل شهرين فقط -تجربة اللقاح بعد الاعتماد على شريحة اكبر كل شيء مبهم لا زلنا متقدمين عليهم https://t.co/NayRjYwrzW https://t.co/F7zzLqG0Of 	 37
arabic/1E_favorite query:#لواء_5يونيو| الرئيس ترامب يعرب عن أمله في التوصل إلى لقاح ضد فيروس كورونا بحلول نهاية العام "وربما في وقت أقرب"، معلنا عن شراكة بين القطاعين العام والخاص لتطوير اللقاح . https://t.co/LoE1IPH20R 	 9
arabic/1E_favorite query:منظمة الصحة العالمية.. 100 مليار دولار لضمان حصول الجميع على لقاح فيروس كورونا https://t.co/rl7OCSJL7w 	 0
arabic/1E_favorite query:الأخبار في دقيقتين: 🦠 أول حالة تصاب مرتين بـ #كورونا في العالم 🇷🇺 نافالني سُمم بمادة تؤثر على الأعصاب 💉 الصحة العالمية تعلن خطة توزيع لقاحات كورونا 🎤 @benaichoubasara https://t.co/GYjIUqTs99 	 114
arabic/1E_favorite query:⭕️مصادرنا الخاصة من داخل الدوحة . عدد الحالات الحقيقي في قطر ما يقارب 1300 حالة كورونا والسلطات لازالت تتحفظ عن الرقم الكبير والعدد المأهول من الاصابات نسأل الله العافيه وان يشفي المرضى يارب العالمين 	 158
arabic/1E_favorite query:طبيب فرنسي مع إعلامي 🇨🇵 يدعوان لتجربة لقاح #كورونا في #أفريقيا 🕳ألم اقل لكم يوما اخواني انه لا يوجد مستبد وعنصري فوق المعمورة أكثر من #فرنسا https://t.co/PGOUszA7On 	 139
arabic/1E_favorite query:قال كبير الخبراء الأمريكيين في مجال الأمراض المعدية، أنتوني #فاوتشي، خلال جلسة استماع بمجلس النواب الأمريكي يوم الجمعة، إنه "متفائل بحذر" بشأن تمكن #الولايات_المتحدة من التوصل إلى لقاح آمن وفعال ضد مرض فيروس #كورونا الجديد "كوفيد-19" في أواخر الخريف أو أوائل الشتاء. https://t.co/ewySgdRldn 	 14
arabic/1E_favorite query:تحقيق في وفاة الطبيبة الجزائرية بوديسة التي فقدت حياتها وجنينها أثناء عملها في مواجهة #كورونا وتفاصيل عن العالم المغربي الذي اختاره ترمب لرئاسة الفريق الأمريكي لتطوير لقاح مع د. عماد الجولاني، استشاري أمراض القلب في ميلانو https://t.co/Z2s7p4vAt6 	 1
arabic/1E_favorite query:بناء على الطلب من الجانب اللبناني، قررت الحكومة الصينية بإهداء 50 ألف جرعة من لقاح "سينوفارم" المعطل إلى لبنان لمساعدته في مكافحة وباء الكورونا. https://t.co/dqvuYCQ1FH 	 4657
arabic/1E_favorite query:إدارة #ترامب تتعاقد مع شركتين للحصول على 100 مليون جرعة من لقاح #كورونا بقيمة 2.1 مليار دولار https://t.co/Jw48jjv2Wo #البيان_القارئ_دائما 	 9
arabic/1E_favorite query:#روسيا تستعد لبداية تطعيم سكانها بلقاح ضد #كورونا مجانا ودون إلزام وذلك خلال شهر أكتوبر https://t.co/QGPQnMXQNs 	 5
arabic/1E_favorite query:#فيديو: متحدث وزارة #الصحة يكشف موعد توفر لقاحات فيروس #كورونا في #المملكة https://t.co/3mqcraUmmt https://t.co/0cw97IkEm4 	 19
arabic/1E_favorite query:#كورونا_الجديد   أحبتي...  قررت أن أترك تويتر لبعض الوقت، لكن وجدت أنه من الأمانة أن أطلعكم على الصورة الحقيقية من مكان الحدث!  المنطقة التي أعمل بها هي أكبر منطقة منكوبة في فرنسا Grand Est  مستشفى كولمار  هو أكبر مستشفى مستقبل لحالات كورونا  تحول المستشفى بالكامل إلى منطقة عزل! https://t.co/pTWf3yXrAa 	 0
arabic/1E_favorite query:وزيرة الصحة: 6 لقاحات للوقاية من #كورونا دخلت المرحلة الثالثة من التجارب السريرية #صباح_الخير_يا_مصر #ON https://t.co/LN3T2DfVU9 	 21
arabic/1E_favorite query:أصبح الآن لدينا 7 لقاحات في المرحلة السريرية الاخيرة: لقاح اكسفورد 🇬🇧 لقاح ساينوفرام معهد ووهان🇨🇳 لقاح ساينوفرام معهد بكين🇨🇳 لقاح موردوخ 🇦🇺 لقاح سينوفاك 🇨🇳 لقاح موديرنا 🇺🇸 لقاح فايزر 🇺🇸 #اللقاح #لقاح_كورونا #coronavirus #COVID19 #كوفيد19 	 11
arabic/1E_favorite query:روسيا تعلن رسميا التوصل لـ لقاح #كورونا وتسجيله الاسبوع القادم ليستخدم لكل العالم . https://t.co/fnjYXOz16x 	 3
arabic/1E_favorite query:حدث | #برلين: #ميركل تتوقع تفاقم وباء #كورونا وتقول الحل الوحيد اللقاح https://t.co/9FXj9MkopB 	 2
arabic/1E_favorite query:وسائل إعلام صينية: #الصين تقر استخدام أول لقاح لـ #فيروس_كورونا المستجد في تجارب سريرية https://t.co/bi8lmWXYGm 	 4
arabic/1E_favorite query:#عاجل| كل ما تريد معرفته عن أول لقاح روسي لعلاج #كورونا بعد اعتماد #بوتين https://t.co/KLhQSB4teU 	 15
arabic/1E_favorite query:أعلن الرئيس الأرجنتيني ألبرتو فرنانديز، أمس الأربعاء، أن الأرجنتين والمكسيك ستتوليان إنتاج اللقاح المستقبلي ضد فيروس كورونا الذي يُطوّره مختبر «أسترازينيكا» مع جامعة أكسفورد البريطانية، مشيراً إلى أنّ البلدين سيعملان أيضاً على توزيعه في دول أمريكا اللاتينية، باستثناء البرازيل... https://t.co/H1inLDwBIw 	 16
arabic/1E_favorite query:#بوتن : لقاح #كورونا أصبح جاهزا وابنتي أخذته #سكاي_أخبار https://t.co/bZYdJzH1aB 	 560
arabic/1E_favorite query:أميركا تستثمر مليار دولار في Johnson &amp; Johnson مقابل 100 مليون جرعة من لقاح كورونا - إجمالي استثمارات حكومة ترامب حتى الآن نحو 9.4 مليارات دولار في مشاريع اللقاحات - إجمالي عقود التوريد الموقعة تقدم ما لا يقل عن 700 مليون جرعة من لقاح ضد #كورونا https://t.co/CUTsT9278z 	 9
arabic/1E_favorite query:صحة #حفرالباطن تخصص 6 فرق ميدانية لإعطاء لقاح #كورونا لخدمة المستهدفين من مرضى الطب المنزلي وذويهم في منازلهم. https://t.co/s6KhnvfdoC 	 12
arabic/1E_favorite query:#مع_الحكيم إعلان رسمي روسي عن أول لقاح ضد #كورونا 💊 أعلن الرئيس الروسي، عن أول لقاح ضد فيروس كورونا في العالم، مشيرا أن ابنته أخذت اللقاح وفق ما أوردت وسائل إعلام روسية ودولية. وأوضح الرئيس الروسي، خلال اجتماع مع أعضاء الحكومة، أن اللقاح المذكور أثبت فعاليته... #كوفيد19 https://t.co/3eg0XsQbjM 	 1
arabic/1E_favorite query:في وقت يجري فيه خبراء بلاده أول تجربة للقاح #كورونا على البشر.. #ترمب يحاول الاستحواذ على لقاح ألماني، وبرلين ترد : #ألمانيا ليست للبيع! https://t.co/wqrsAvh4Xt 	 38
arabic/1E_favorite query:روسيا: بوتين: يعلن تسجيل اول لقاح في العالم مضاد لـ #فيروس #كورونا #كوفيد_19 اللقاح الروسي https://t.co/7bWuDwuut9 	 2
arabic/1E_favorite query:يبدو أن السباق العالمي على لقاحات covid-19 يسير على قدم وساق لكسر جميع الأرقام القياسية في السرعه ولكن في نفس الوقت هذا التركيز على التطوير السريع للقاحات يمكن ان يخاطر بفقد المصداقيه للوصول إلى لقاحات فعالة مما يوثر بثقة الناس بشكل لا يمكن إصلاحه https://t.co/p2gAlDCvXO 	 8
arabic/1E_favorite query:الرئيس دونالد #ترامب عبر #تويتر : "الدولة العميقة" في إدارة "الغذاء والدواء" بإبطاء تجارب لقاحات #كورونا https://t.co/zNY1508uKi #فيروس_كورونا #كوفيد_19 #الولايات_المتحدة_الأمريكية #بوابة_الأخبار https://t.co/XAE0wQNrsy 	 2
arabic/1E_favorite query:* بوتين يعلن تسجيل أول لقاح ضد فيروس #كورونا في العالم * العثماني : https://t.co/42BSdzgxTa 	 47
arabic/1E_favorite query:أعلن الرئيس الروسي، فلاديمير بوتين عن تسجيل أول لقاح ضد فيروس كورونا في العالم، قال: "بلغني أنه تم تسجيل لقاح ضد فيروس كورونا هذا الصباح لأول مرة في العالم". حسب روسيا اليوم #لقاح_كورونا #كورونا #كوفيد19 #COVID19 https://t.co/FzE3buvOIL 	 6
arabic/1E_favorite query:#فيديو_واس| مجمع الملك فهد الطبي العسكري في #الظهران يقدم أكثر من 3200 جرعة #لقاح_كورونا. #واس_عام #الشرقية #دليل_المنطقة_الشرقية https://t.co/4nK5nRn441 	 1
arabic/1E_favorite query:روسيا تعلن بدء إنتاج اللقاح ضد فيروس كورونا 	 885
arabic/1E_favorite query:دراسة صادمة…لن يكون هناك لقاح دائم ضد فيروس كورونا https://t.co/qMeEdx8wZR via @My Blog https://t.co/Y2pjUnOnUh 	 0
arabic/1E_favorite query:بدات الصين المرحلة الثالثة لاختبار لقاح شركة سينوفارما في البحرين ،،،ولم يصدر اي تشكيك في اعلان روسيا عن اللقاح سبوتنيك خمسة،،، بمعنى اننا ربما نشهد ثارا علميا من الشرق للمرة الاولى في التاريخ الحديث #كورونا 	 182
arabic/1E_favorite query:ڤلادمير بوتين : "تم استخدام لقاح #كورونا الجديد على ابنتي" https://t.co/dfCybZRu2H 	 34
arabic/1E_favorite query:#منظمة_الصحة تحث على إتاحة الوصول السريع والعادل إلى أي لقاحات ضد #كورونا في جميع أنحاء #العالم https://t.co/ppnOyzDR3G 	 32
arabic/1E_favorite query:السودان يقر بانحسار إصابات «كورونا» ويبدأ تطعيم مواطنيه بداية من الأسبوع المقبل https://t.co/Mcdlw9WVfh 	 7
arabic/1E_favorite query:#عاجل | الرئيس الروسي يعلن عن انتاج بلاده لاول لقاح ضد فيروس #كورونا #روسيا https://t.co/0RPjEf4Z3l 	 1
arabic/1E_favorite query:#عاجل .. #الاتحاد_الاوروبي يوقع اتفاقاً مع شركة #استرازينيكا لتوريد 400 مليون جرعة لقاح ضد #فيروس_كورونا #صحيفة_الخليج https://t.co/3Y241yMoD8 	 3
arabic/1E_favorite query:زيارة سعادة رئيس مجلس الادارة لمركز لقاحات #كوفيد_19 في #تبوك وثناءه على جهود #وزارة_الصحة والمتطوعين والمتطوعات وتلقيه لجرعة اللقاح. https://t.co/DUfwYefNL8 	 33
arabic/1E_favorite query:شركة صينية تؤكد فعالية لقاح جديد لكورونا بنسبة 99% https://t.co/ykItU9AG5i #أخبار_صحية #صحة #الجميع_مسؤول #الصين #كورونا #كورونا_الجديد #كورونا_المستجد #كوفيد_19 #كورونا_فيروس https://t.co/7vivTtXvRa 	 1
arabic/1E_favorite query:عاجل| وزير الصحة : نتابع تطورات اكتشاف لقاح كورونا ولن نشتري اي مطعوم لا تثبت فعاليته #هلا_أخبار #الأردن #كورونا #التلفزيون_الاردني 	 14
arabic/1E_favorite query:منظمة الصحة: اتباع آليات «صارمة» عقب الإعلان عن لقاح روسي ضد كورونا علّقت منظمة الصحة العالمية بحذر على إعلان روسيا، اليوم الثلاثاء، التوصل للقاح ضد وباء فيروس كورونا (كوفيد-19)، مذكّرة أن «المرحلة التي تسبق الترخيص» والترخيص للقاح يخضعان لآليات «صارمة». #الرؤية_بلا_حدود https://t.co/Oz5Hn1g0B9 	 12
arabic/1E_favorite query:الرئيس الروسي فلاديمير بوتين يعلن تسجيل أول لقاح بالعالم مضاد لفيروس #كورونا https://t.co/PpDTWk3MNG 	 512
arabic/1E_favorite query:عاجل | #ترمب: أنقذنا عشرات الآلاف بل ملايين الأرواح بفضل ما فعلناه لمواجهة #كورونا وفرض حظر سفر على #الصين و #أوروبا • سنسمع أخبار طيبة بشأن لقاح ضد فيروس كورونا والجيش جاهز ومتأهب لتوزيع اللقاحات للجميع 	 66
arabic/1E_favorite query:التداعيات الخطيره اللقاح الجديد شاهد الفيديو يجب ايقاظ العالم #كورونا https://t.co/7G4VFLyscc 	 4
arabic/1E_favorite query:الصحة: إعطاء أكثر من مليون جرعة من لقاح كورونا حتى الآن #عاجل #الصحة #لقاح_كورونا #السعودية https://t.co/TWj6MiZYXs 	 11
arabic/1E_favorite query:ناشط: #الصين تستخدم #الإيغور كحقل تجارب على لقاح ضد #كورونا السكرتير العام لمنظمة إحياء الإيغور أرسلان هدايات كشف لأخبار الآن عن احتمال قيام الصين بإجراء تجارب طبية على الإيغور بهدف إيجاد لقاح ضد الفيروس @arslan_hidayat @mohammedzuhour7 https://t.co/zPqtDa965o إعداد: #محمد_زهور https://t.co/Iht84nMiQ3 	 16
arabic/1E_favorite query:توسيع الفئات المستهدفة لأخذ لقاح كوفيد-١٩ #عمان_تواجه_كورونا https://t.co/NfirvnODkX 	 23
arabic/1E_favorite query:وزير الدفاع الاميركي مارك اسبر: نحن نستعد لموجة ثانية من فيروس كورونا وربما أكثر. لا نعرف ما هو مسار هذا الفيروس. لذلك نحن - نستمع إلى الخبراء. لقد أصدرت توجيهات الآن ٩ مرات إلى الميدان حول كيفية الاستعداد لهذا. سنبقى مع كورونا لعدة أشهر، على الأقل حتى نحصل على لقاح. 	 44
arabic/1E_favorite query:الحكومة البريطانية @UKgovcomms تحجز💉30مليون جرعة تطعيم جونسون&amp;جونسون 💉Ad26.COV2.S💉 🧠هذا سادس تطعيم تحجزه الحكومة البريطانية بعد 💉AZD1222 💉BNT162 💉NVX-CoV2373 @Novavax 💉تطعيم @GSK و @sanofi (لم يبدأ بعد) 💉تطعيم VLA2001 (لم يبدأ بعد) https://t.co/OrnJSeFf6l (262) https://t.co/GuKbsMXsj6 	 9
arabic/1E_favorite query:رئيس وزراء أستراليا يرغب في جعل اللقاح ضد #كورونا إجباريا https://t.co/uY6HXbCxFs 	 1
arabic/1E_favorite query:الرئيس الفلبيني يتطوع لتجربة #لقاح_كورونا الروسي على نفسه • دوتيرتي لـ #بوتين: اعتقد أن #اللقاح الذي أنتجتموه مفيد للبشرية • موسكو: مستعدون للتعاون مع شركات فلبينية لانتاج كميات كبيرة #كورونا https://t.co/eb2RdlRDDg 	 0
arabic/1E_favorite query:أول تعليق من ترامب على لقاح بوتين ضد فيروس كورونا https://t.co/ZkQLg82h15 	 1
arabic/1E_favorite query:وزير الصحة التركي: - نحرز تقدماً كبيراً في كفاحنا ضد #كورونا. - المعطيات اليومية تشير إلى سيطرتنا على الفيروس. - العودة التدريجية للحياة الطبيعية بعد عيد الفطر مرتبطة بتطبيق التدابير المعلنة بدقة. - الأبحاث مستمرة لدينا للوصول إلى لقاح ضدّ #كورونا - وصلنا إلى مرحلة عزل الفيروس. 	 280
arabic/1E_favorite query:د/عادل العدوي : لقاح #كورونا ليس نهاية الفيروس 	 9
arabic/1E_favorite query:الرئيس الروسي يعلن رسميًا عن تسجيل روسيا أول لقاح ضد فيروس #كورونا في العالم. https://t.co/CYrF94WoAc 	 13
arabic/1E_favorite query:رئيس وزراء #الهند مودي: نستعد لإنتاج لقاحات لـ #كوفيد_19 بكميات ضخمة.. لا يجري اختبار لقاح واحد أو اثنين وإنما 3 لقاحات لـ #كورونا في #الهند https://t.co/3R8dkHvbQO 	 214
arabic/1E_favorite query:روسيا تسجيل اول لقاح لكورونا Covid19 طوره معهد Gamleya للبحوث . وذكر اوليج جردينيف نائب وزير الصحه الروسي"العمل جارحاليا على توفيركميه كبيره من اللقاح" . https://t.co/1DJjPf4cSP 	 2
arabic/1E_favorite query:#روسيا تعلن عن اول لقاح لفايروس #كورونا #COVID19 #Russia #هل_تعلم https://t.co/b9N3mVR9n4 	 28
arabic/1E_favorite query:#فيروس_كورونا 73% من المشاركين في إستفتائنا السابق لم يقبلوا المشاركة في تجربة لقاح جديد لا يزال تحت الدراسة تأكيد آمان وفعالية التطعيمات أمر مهم قبل تجربتها بشكل أوسع. https://t.co/Z9mbkBMsIy 	 6
arabic/1E_favorite query:#الصحة تكشف إصابة 956 بـ #كورونا مقابل كل مليون بـ #مصر.. ارتفاع نسب التعافى من الفيروس لـ71%.. رئيس مكافحة كورونا يحذر من التعجل فى إنتاج اللقاح ويرجح طرحه أواخر العام.. وينصح بعدم استخدام علاجات الأنفلونزا لكورونا https://t.co/QOmWourhjs https://t.co/c4fPIdxPWV 	 36
arabic/1E_favorite query:متحدث وزارة الصحة | لازالت الدراسات قائمة حول لقاحات فيروس #كورونا لدراسة مدى فعاليتنا ومأمونيتها للجميع 	 15
arabic/1E_favorite query:زاسيبكين: سنبذل جهودًا لتأمين لقاح #كورونا الروسي لـ #لبنان في أقرب فرصة. https://t.co/B7PLivd4VM https://t.co/vOhoZMntlB 	 16
arabic/1E_favorite query:د. فوتشي منزعج من سباق اللقاحات في العالم، يبدو أنه لم يتوقع منافسين كثر للقاح شريكه وصديقه بيل غيتس وبدأ بضرب سمعة أي لقاح آخر بذريعة أن اللقاحات بحاجة للمزيد من الفحوصات والإختبارات. الله يسلم البشرية من لقاحاتكم جميعا يا رب، كلكم تخفون أهداف شريرة. https://t.co/pwCYAol5XR 	 204
arabic/1E_favorite query:قبل اللقاح المنتظر .. طفرة #كورونا الجديدة تثير الجدل حول العالم https://t.co/1S253AB8xk 	 28
arabic/1E_favorite query:عاجل 🔴 . . مديرة البرامج بمنظمة الصحة العالمية تؤكد بأنه لا يوجد لقاح بالعالم له فاعلية كبيرة ضد فيروس كورونا بنسبة 100%. . . جنيف 	 515
arabic/1E_favorite query:لقاح "كانسينو" يحصل على الموافقة النهائية.. كشفت وسائل الإعلام الرسمية في #الصين عن حصول شركة "كانسينو بيولوغيكس" على موافقة من #بكين على براءة اختراع للقاح "إيه دي5-إن.سي.أو.في" لمواجهة مرض #كوفيد_19 #كورونا #انت_مسؤول #نلتزم_لننتصر https://t.co/juQMdu1w2f 	 175
arabic/1E_favorite query:ترامب يعرض أموالا طائلة على علماء ألمان يعملون على إيجاد لقاح ل #كورونا شرط أن يكون هذا اللقاح حصريًا للأمريكيين وحدهم دون غيرها.. يعني باقي البشرية إلى الجحيم.. هل رأيتم نذالة أكبر من هذه؟ Germany, US wrestle over coronavirus vaccine https://t.co/lRamRNqA2Z 	 4919
arabic/1E_favorite query:الأمين العام لـ #الأمم_المتحدة أنطونيو #غوتيريش: #كورونا أثبت هشاشة العالم وعلينا التواضع.. ويجب توحيد الجهود للتوصل إلى لقاح ضد #كورونا. #عكاظ #ان_تكون_اولا #تطبيق_عكاظ https://t.co/VD55AtKbWM https://t.co/5f4Tzy74Gs 	 7
arabic/1E_favorite query:مع إعلان أول لقاح رسمي خارج منظومة الشر التابعة لـ #بيل_غيتس ومعاونيه في الصحة العالمية ومنظمة اللقاحات جافي، نقول مبروك للبشرية هذا الإنجاز، ونتمنى أن يرسم اللقاح نهايةً لهذا الوباء ولمخططاتهم وسعيهم لاعتماد التطعيم بلقاحات RNA المدمرة🔻 https://t.co/XlnPw6zPfq 	 19
arabic/1E_favorite query:تشكيك ألماني شكّكت وزارة الصحة الألمانية في "نوعية وفاعلية وسلامة" لقاح #كورونا الذي أعلن #بوتين التوصل إليه. متحدثة باسم الوزارة قالت: "لا معلومات معروفة عن نوعية وفاعلية وسلامة اللقاح الروسي، وسلامة المرضى في الاتحاد الأوروبي على رأس الأولويات". https://t.co/Xz5uYEuCn0 	 20
arabic/1E_favorite query:#ترمب يعرض جهاز فحص سريع لفيروس #كورونا وشركات عالمية تسرع إجراءات إيجاد لقاح له .. دكتور حسين أيت مُحند أخصائي الأمراض المعدية في مستشفى لابيتيه سالبيتريار في #فرنسا https://t.co/PiU8gNcb3e 	 1
arabic/1E_favorite query:أكثر من 80 جنسية .. 5000 متطوع يتلقون أول جرعة من لقاح كورونا بالإمارات . #الشارقة_للأخبار #الإمارات #فيروس_كورونا https://t.co/BX7r9iMAek 	 15
arabic/1E_favorite query:(أ ف ب) - أعلن رئيس الوزراء الأسترالي ضمان حصول بلاده على لقاح "واعد" ضد فيروس كورونا ، مؤكدا أن بلاده ستصنعه وتوزعه مجانا على السكان. وقال سكوت موريسون أن استراليا توصلت إلى اتفاق مع مجموعة الأدوية السويدية البريطانية "أسترازينكا" بشأن اللقاح الذي تطوره مع جامعة أكسفورد 	 31
arabic/1E_favorite query:مقال يوضح بأن اللقاح ليس مثل زر فتح الكهرباء وإغلاقه حتى وان ثبت نجاحه، الأمر سياخذ أشهراً وربما أكثر لعودة الحياة إلى ما كانت سابقا. https://t.co/dOiPYB5bi6 	 10
arabic/1E_favorite query:#روسيا تعلن بدء إنتاج لقاح لـ #كورونا لتخطي الحجب https://t.co/n7awej65hF للمزيد https://t.co/harQUEZVOS 	 37
arabic/1E_favorite query:وزير الصحة: سيتم تمديد التعليم عن بعد في حال عدم توفر لقاح لـ #كورونا #عكاظ #ان_تكون_اولا #تطبيق_عكاظ https://t.co/H0yA6xzw9Y https://t.co/FrXhKDVyB6 	 15
arabic/1E_favorite query:الحكومة البرازيلية @jairbolsonaro توقع اتفاقية مع استرازينيكا @AstraZeneca لنقل التكنلوجيا و تصنيع تطعيم 💉AZD1222 (تطعيم أوكسفورد) الاتفاقية ضمنت للبرازيل حق تصنيع💉100مليون جرعة، و مستقبل صناعة دوائية 🗓متوقع بداية تصنيع التطعيم في ديسمبر2020 https://t.co/uIzOQY3782 (277) https://t.co/9zgjx1vUDe 	 3
arabic/1E_favorite query:رئيس قسم الباطنة العامة والمناعة بجامعة عين شمس بـ #القاهرة، الأستاذ الدكتور أشرف عقبة: لقاحات #كورونا المكتشفة كل منها يعمل بطريقة مختلفة عن الآخر #الغد_المشرق https://t.co/tu2GP27iF7 	 5
arabic/1E_favorite query:اذا تريد معرفة حقارة مجلس الأمة الكويتي  اليوم كان تركيزهم النواب فقط على السعودية أن السعودية دولة منتشر فيها كورونا  ويطالبون أجلاء كل كويتي بالسعودية  تدرون لماذا لايجرون على ذكر أيران اللي نشرت المرض لهم بالكويت   فقط لن أكبر واحد فيهم راح يداس بالنعال الفارسيه 	 1164
arabic/1E_favorite query:#فيديو/ إبنة بوتين تتلقى اللقاح الذي أعلن عنه الرئيس الروسي كأول لقاح لـ #كورونا بالعالم #روسيا https://t.co/oeQ1m0K0bb 	 0
arabic/1E_favorite query:الأولوية للمصريين ثم الأفارقة.. رئيس اللجنة العلمية لمواجهة #كورونا في وزارة الصحة يشير إلى اقتراب إنتاج لقاح مصري مضاد لفيروس كورونا بمساعدة شركات صينية، نهاية العام الجاري ماذا تتوقع أن يكون اسم اللقاح المصري؟ https://t.co/HMDASr672A https://t.co/P4yY3ZwWpH 	 196
arabic/1E_favorite query:#مع_الحكيم قريبا CoronaVac لقاح صيني جديد أعلنت الصين أن لقاحها ضد فيروس كورونا المستجد سيكون متوفرا بحلول نهاية هذا العام، وذلك رغم وجود عقبات أمام عملية الاختبار... التفاصيل 👈 https://t.co/I00xGqCYfJ #كوفيد19 #covid19 #corona #كورونا https://t.co/c5t9RzhAQn 	 3
arabic/1E_favorite query:فاوتشي يقول فعاليه اللقاح ٥٠٪-٦٠٪ يا دكتوره ماجده، يعني لو كل اللي في الكره الأرضيه ياخذون التطعيم ماراح ينتهي الوباء. https://t.co/WHAXjwscUb https://t.co/xSV2lQpX61 	 20
arabic/1E_favorite query:فاوتشي: إثبات فعالية لقاح لـ #كورونا بحلول نهاية 2020.. وعلاجات الأجسام المُضادة "رهان أكيد" https://t.co/p5HuktjVxL 	 101
arabic/1E_favorite query:شركة #مودرنا تكشف عن سعر #لقاح #كورونا https://t.co/5JYzkAPuqJ https://t.co/MwP6aWAdjI 	 3
arabic/1E_favorite query:رسمياً: سيتم بدء إنتاج لقاح فيروس كورونا الروسي الذي أعلن عنه بوتين في شهر سبتمبر المقبل، وتم طلب مليار جرعة من قبل 20 دولة لحد اللحظة. https://t.co/X0FJ71Pig2 	 2225
arabic/1E_favorite query:أعلن الرئيس الروسي أن بلاده طورت أول لقاح يوفّر "مناعة مستدامة" ضد فيروس #كورونا #كوفيد_19. وقال إن إحدى بناته قد طُعمت باللقاح الجديد. #مرصد_قطر https://t.co/hV3Zo4T4MC 	 0
arabic/1E_favorite query:بوتين: #روسيا قامت بتطوير أول لقاح لفيروس #كورونا المستجد | العربية #برق_الإمارات https://t.co/x0Gx5r9VRa 	 44
arabic/1E_favorite query:أعلن #الرئيس_الروسي #فلاديمير_بوتين، اليوم، أن بلاده طوّرت أول #لقاح يوفّر "مناعة مستدامة" ضد فيروس #كورونا المستجد. مؤكدًا أن إحدى بناته تلقت اللقاح ضد #كوفيد19 الذي تقول #روسيا إنها طوّرته. #ابنة_بوتين_تتلقى_لقاح_كورونا #لقاح_كورونا #اللقاح_الروسي #سعادة_نيوز #SaadaahNews https://t.co/Y0OfRXpozB 	 49
arabic/1E_favorite query:دسمان | الرئيس الروسي #بوتين يعلن عن تسجيل أول لقاح في العالم مضاد لفيروس #كورونا #الكويت https://t.co/tfm9div74O 	 0
arabic/1E_favorite query:جامعة اكسفورد الفيروس يختفي بسرعة في بريطانيا وهذا لايساعد على نجاح انتاج لقاح للفيروس #كورونا #coronavirus 	 0
arabic/1E_favorite query:أكد مدير المعهد الوطني للحساسية والأمراض المعدية في #الولايات_المتحدة انطوني #فاوتشي إمكانية التوصل إلى لقاح لفيروس #كورونا بحلول شهر ديسمبر المقبل ما لم تحدث نكسات غير متوقعة في التجارب الجارية https://t.co/DgS0PMRtjS 	 23
arabic/1E_favorite query:من الخبر .. تجد ان التصريح بأن التطعيم سيتم تسجيله لأنه أثبت أنه آمن لكن..لكي يتم اعتماد أي تطعيم يجب أن نثبت أنه ⛑💉آمن(المرحلة الأولى) 💉👍فعال وآمن(المرحلة الثانية) 💉👍✅فعال ومستمر بالفاعلية وآمن على شريحة كبيرة لذلك يبدو من التصريح أن التطعيم المنسوب لروسيا قيد التجربة https://t.co/5cS0jyzypY https://t.co/2Ms60R0mtS 	 14
arabic/1E_favorite query:سيبدأ باحثون كوبيون في الايام المقبلة التجارب السريرية للقاح ضد #فيروس_كورونا . اللقاح المحتمل المسمى "السيادة 01" سيُختبر على 676 شخصًا تتراوح أعمارهم بين 19 و 80 عامًا و تختتم هذه التجارب في بداية عام 2021. #كوبا #CubaSalvaVidas https://t.co/soGbwTrPjY 	 16
arabic/1E_favorite query:#تم | عبدالرحمن المرشد - كاتب صحفي: إذا لم يتم اكتشاف لقاح لفيروس #كورونا فالتعليم عن بُعد هو الخيار المتاح ويعتبر الخيار الأفضل في الوقت الحالي. #عودة_المدارس https://t.co/oG4ClgKcNA 	 4
arabic/1E_favorite query:الولايات المتحدة تتهم #الصين بمحاولة اختراق الأبحاث حول لقاح #فيروس_كورونا المستجد -كوفيد19 🇺🇸🇨🇳 مزيد من التفاصيل في هذا الرابط : https://t.co/qo962O3fEz #الوطن #قطر #CHINA #COVID19 #لأجل_قطر_كلنا_في_البيت #StayHome https://t.co/k7YOUofzo6 	 1
arabic/1E_favorite query:يبدو أن العالم مقبل على خريف وشتاء ساخن بالحالات، 8 حالات مثبته وأعراض أشد في البعض ولكن لاوفيات حتى الأن ولله الحمد، طبعا العدد الحقيقي أعلى بكثير وذلك لصعوبة الإثبات . نظرية مناعة القطيع تتأكل والأمل في الله ثم لقاح فعال. حمى الله الجميع وعليكم بإتباع تعليمات وزارة الصحة . https://t.co/0ol2WtGthU 	 2
arabic/1E_favorite query:#روسيا تعلن البدء بإنتاج لقاح #كورونا رغم الشكوك الدولية #سكاي_أخبار https://t.co/8Ss8QHxD9B 	 70
arabic/1E_favorite query:مسرور بارزاني: 🔴 وصول لقاح كورونا خطوة مهمة لحماية الأطباء وطواقم الخطوط الأمامية 🔴 نعمل بالتعاون مع الحكومة الاتحادية للحصول على لقاح كورونا وتأمين حصة الإقليم 🔴أعمل بجد لضمان تأمين لقاح لكل فرد من سكان الإقليم في أقرب وقت https://t.co/GyuSGo0DQb 	 41
arabic/1E_favorite query:#البحرين 🇧🇭 وزارة الصحة تعلن عن فتح باب التسجيل للتطوع الاختياري في تجارب لقاح #كورونا تحت مظلة منظمة الصحة العالمية ولمن تكون أعمارهم فوق ال18 سنة الطبيب مقدم مناف القحطاني يشرح الاجراءات التي سيتبعها المتطوع 👇 #فريق_البحرين 🇧🇭 #bh https://t.co/bzEfWygcBP 	 6
arabic/1E_favorite query:#لقاح_كورونا رويترز: #ترامب قال ترامب إن لقاح #كورونا سيكون جاهزًا على الأرجح قبل 3 نوفمبر https://t.co/OFtAyteY7V 	 8
arabic/1E_favorite query:هنالك لقاح بريطاني في طور التجربة، ولقد أثار ردة فعل جهاز المناعة بشكل قوي في تجربتين منفصلتين، واحدة في بريطانيا وواحدة في الصين. https://t.co/MvWFwLK7wL 	 1
arabic/1E_favorite query:بسبب عدم الإقبال عليه وتفضيل الناس انتظار لقاح فايزر ، فرنسا وألمانيا تحت ضغوطات لإيجاد حل للقاح #كوفيد١٩ من إنتاج أكسفورد-أسترازينيكا غير المستخدم. https://t.co/7eBmYm0sRN 	 9
arabic/1E_favorite query:جانيت ميلز حاكمة ولاية مين في الولايات المتحدة الأمريكية أمرت العاملين في المطاعم والحانات بارتداء هذا ال... بحجة توجيه الهواء إلى الأعلى "لحماية" الزبائن! هذا ما يحدث بحجة الوصاية ولسّسّا!! قال لقاح قال!! تمنيت أنها مزحة، لكن شر البلية ما يضحك https://t.co/JBe1PwsqZK https://t.co/2Zsg9E7TdP 	 6
arabic/1E_favorite query:السياسة في الوباء ان تم منح هذه الموافقة لأي سبب سنكون بأتجاه سيء جداً علمياً طرح لقاحات دون نشر ابحاث كما في روسيا، او اعطاء موفقات بشكل طارىء كما في الصين ومن الممكن في امريكا سينتج عنه لقاح غير مدروس الامان والفعالية، وسيكون لذلك تبعات على تقبل اللقاحات مستقبلاً بشكل كبير https://t.co/BztkMbyCMk 	 6
arabic/1E_favorite query:التسابق ف اعلان لقاح كورونا من روسيا وامريكا وطلب ترامب ١٠٠ مليون جرعة من الشركة المصنعة ينبى بقرب انتهاء الجانحة وسيلقى بضلاله ع الاقتصاد العالمى وسرع عودة الحياة إلى طبيعتها ويزيد ف استهلاك النفط، وبالتالي تحسن اقتصاديات وتحسن أسواق المال العالمية ومنها سوقنا #الاسهم_السعودية https://t.co/1mwLaMKpUn 	 1
arabic/1E_favorite query:سهم #Moderna يقفز بنحو 9% بعد إعلان الشركة حصولها على دعم إضافي بنحو نصف مليار دولار من الحكومة الأميركية لتطوير لقاح #كورونا #NASDAQ #NYSE https://t.co/c8BEFAwR75 	 12
arabic/1E_favorite query:أفريقيا ليست حقل تجارب.. صدمة وغضب عالمي على المنصات الرقمية بعد تصريحات طبيبين فرنسيين عن اختبار لقاح #كورونا في القارة السمراء #نشرتكم https://t.co/gXe5zl1kjg 	 956
arabic/1E_favorite query:يأتي ذلك بعد اعلان الرئيس الروسي، فلاديمير بوتين، عن تسجيل أول لقاح روسي ضد فايروس #كورونا #كوفيد_19 في العالم. وقال أثناء اجتماعه مع أعضاء حكومته:"بلغني أنه تم تسجيل لقاح ضد فيروس كورونا هذا الصباح لأول مرة في العالم". https://t.co/FZmwwpzPep 	 19
arabic/1E_favorite query:عاجل 🔴 . .  #خادم_الحرمين_الشريفين يصدر أمره بمنع التجول للحد من انتشار #فيروس_كورونا الجديد ابتداءً من الساعة الـ 7 مساءً وحتى الساعة الـ 6 صباحًا لمدة ( 21 ) يومًا من مساء يوم الأثنين 28 رجب 1441هـ، الموافق 23 مارس 2020م. 	 4009
arabic/1E_favorite query:سهم #Moderna يقفز بنحو 9% بعد إعلان الشركة حصولها على دعم إضافي بنحو نصف مليار دولار من الحكومة الأميركية لتطوير لقاح #كورونا #NASDAQ #NYSE https://t.co/c8BEFAwR75 	 12
arabic/1E_favorite query:#بقلم_المقاومة عدة دول قدموا علاجا ولقاحا ل #كورونا لكن منظمة الصحة العالمية رفضتهم وروسيا أعلنت عن إيجاد لقاح والمنظمة تشكك به في أكثر من تغريدة قلت أن منظمة الصحة تمارس دورا مشبوها حتى أنها منعت تشريح جثث المتوفين وعوقب من لم يلتزم فكيف سنثق بها بعد الكم الهائل من هذه الأخبار https://t.co/9V0e5uqYGC 	 6
arabic/1E_favorite query:عاجل | غوتيريش: #كورونا أثبت هشاشة العالم ويجب توحيد الجهود للتوصل إلى لقاح (العربية) https://t.co/5t3eIvPjBE https://t.co/oXXOi9epRG 	 3
arabic/1E_favorite query:بدء الاختبارات الجماعية لأول لقاح روسي محتمل ضد مرض "كوفيد- 19" الأسبوع المقبل #كورونا #روسيا #COVID19 #نلتزم_لننتصر #CommitToWin https://t.co/0FTwJQ4702 	 11
arabic/1E_favorite query:. وزير الصحة : . معدل الوفيات ب #كورونا في المملكة هو ضمن الأقل عالمياً - قرار العودة للدراسة يعتمد على تقييم الوضع الصحي - من الصعب التنبؤ بموعد توفير اللقاح عالمياً - نسبة التعافي من كورونا تجاوزت 90 % . https://t.co/OzTuHnCboY 	 0
arabic/1E_favorite query:وزير الصحة الروسي: سيتم خلال أسبوعين إنتاج الكمية الأولى من اللقاح الروسي لكورونا. #كورونا #لقاح_روسيا https://t.co/uPtGF63iiG 	 0
arabic/1E_favorite query:وزير الصناعة والتجارة الروسي دينيس مانتوروف، يعلن أن ثلاث شركات روسية ستباشر في شهر شتنبر المقبل، الإنتاج التجاري لأول لقاح ضد فيروس كورونا المستجد في البلاد. التفاصيل: https://t.co/SbbmXhhlRG #روسيا #لقاح #كورونا #فيروس #كوفيد_19 https://t.co/KfJgPgPZha 	 24
arabic/1E_favorite query:#عاجل | روسيا تبشر العالم: لقاح كورونا أثبت فعاليته وسنبدأ الإنتاج فورا #روسيا #الأردن #كورونا #جائحة_كورونا #لقاح_كورونا #رؤيا_الاخباري https://t.co/qui0971NtG 	 50
arabic/1E_favorite query:عقبة مرتقبة أمام لقاح #كورونا قد تؤخر جهود الوقاية #سكاي_أخبار #كوفيد19 #covid19 https://t.co/gqA7KKbrE0 	 28
arabic/1E_favorite query:متحدث #الصحة: جائحة #كورونا مستمرة ولا يوجد لقاح مضاد حاليا. https://t.co/SQUUA7Movw 	 46
arabic/1E_favorite query:بعدما رحل وتحقق ما كان يخشاه.. #الصين تعتذر لعائلة الطبيب الذي حذر من #فيروس_كورونا قبل انتشاره   #إرم_نيوز #Covid_19 #coronavirus https://t.co/5Ntc97kSAH 	 2452
arabic/1E_favorite query:فيسبوك تحذف اي خبر عن لقاح #كورونا الروسي وتصنف الاخبار على انها اخبار زائفة وخطر على الصحة العامة. ايضًا قامت بتقييد بعض حسابات RT روسيا واي صفحات تتداول الاخبار.. الوضع العام الاعلامي والاقتصادي في امريكا قاسي ولايتحمل رؤية نجاح دول غيرهم 🤷🏻‍♂️ #لقاح_كورونا #روسيا 	 8
arabic/1E_favorite query:#روسيا : تلقينا طلبات للحصول على مليار جرعة من لقاح "سبوتنيك" المضاد لفيروس #كورونا . 	 6
arabic/1E_favorite query:15 ألف متطوع من 107 جنسيات تعيش بدولة #الإمارات يشاركون في تجارب لقاح #كوفيد_19 غير النشط #نتصدر_المشهد #نلتزم_لننتصر #CommitToWin #COVID19 https://t.co/nz2xmLIsEJ 	 5
arabic/1E_favorite query:#روسيا بين تاريخين مجيدين فلاديمير بوتين يعلن تسجيل أول لقاح #كورونا في العالم ويقول انه فعال ويشكل مناعة ثابتة. أكتوبر ١٩٥٧، أطلقت روسيا أول قمر صناعي (سبوتنك) يسبح في الفضاء #صباح_الخير https://t.co/emZDpScckq 	 42
arabic/1E_favorite query:عاجل | #روسيا تعلن تسجيل أول لقاح ضد فيروس #كورونا في العالم https://t.co/Dny2NRbMjN https://t.co/v9YdPxuS3o 	 141
arabic/1E_favorite query:#عـاجـل بعد تسجيله رسميًا.. 10 معلومات عن أول لقاح لـ #كورونا بالعالم https://t.co/wsWGqfp8V1 	 30
arabic/1E_favorite query:#مع_الحكيم .. "كامبردج" البريطانية تعتزم تجريب لقاحات لكورونا في الخريف التفاصيل: https://t.co/CzrdXnw8g0 #كوفيد19 #covid19# corona #كورونا_المستجد https://t.co/5tGcwpKY4r 	 27
arabic/1E_favorite query:عاجل من بلومبرغ ؛ بوتين يعلن إن روسيا سجلت اول لقاح لفيروس كرونا يعمل على تعزيز المناعة، وأضاف انه تم تطعيم إحدى بناته بالفعل بهذا اللقاح .. !!! https://t.co/8mXIqzKwhk 	 26
arabic/1E_favorite query:أعلنت دولة #قطر_اليوم ان #الخطوط_الجوية_القطرية سوف تنقل المساعدات من كل دول العالم إلى #ايران دون مقابل وفي اطار الدعم الذي تقدمه قطر لمساعدة الجهود الايرانية لمكافحة كورونا ولمواجهة المقاطعة التي تفرضها الولايات المتحدة على ايران . ايران قالت ان شعبها لن ينسى من يقف معها . 	 1290
arabic/1E_favorite query:شاهد ـ #روسيا تعلن نجاح اختبارات على لقاح محتمل ضد فيروس #كورونا https://t.co/AMOgR8cuYy 	 110
arabic/1E_favorite query:#عاجل | #الصحة : لقاح #كورونا سيكون موجود في #مصر خلال 6 أشهر على الأكثر https://t.co/5e1MpPBUPx 	 20
arabic/1E_favorite query:بطاقم سعودي كامل من الدخول من الباب الى الخروج منه . السعودية سوف تعلن عن لقاح فايروس #كورونا #Covid_19 قريب جداً بعد عدت تجارب وتكللت بالنجاح.  الحمدلله كما ينبغي لجلال وجهك وعظيم سلطانك https://t.co/Gv56FThTRs 	 5748
arabic/1E_favorite query:مصر قفلت المطارات أمس، السفير الفرنسي عمل كلمة للرعايا الفرنسين في مصر، وقالهم ابتداء من اليوم مصر ستعزل نفسها عن العالم تدريجيا بسبب قفل المطارات، الجزيرة حرفت ترجمة كلام السفير الفرنسي وإدعت أن السفير قال “ستعزل مصر عن العالم” لتوحي للغنم أن العالم سيعزل مصر لتفشي كورونا فيها😁 https://t.co/eAk4VehMvd 	 1248
arabic/1E_favorite query:البابا فرنسيس يحذر الدول الغنية بشأن لقاح #كورونا . #بوابة_الأخبار https://t.co/TldPx9OLTh 	 0
arabic/1E_favorite query:#الصحة_العالمية: التوصل إلى لقاح مضاد لـ #كورونا أصبح ممكناً https://t.co/CfbbNy5oyO 	 34
arabic/1E_favorite query:روسيا تعلن تسجيل أول لقاح في العالم ضد فيروس كورونا الأسبوع المقبل (تغطية خاصة) التفاصيل: https://t.co/Ct4tBx1Sz5 https://t.co/Aukgc32XDQ 	 130
arabic/1E_favorite query:القرائن في #الشارقة أول مركز خارج أبوظبي للتجارب السريرية على لقاح #كورونا للتفاصيل: https://t.co/DaYAlrCpTx #نتصدر_المشهد #COVID19 https://t.co/SbyF3cwicP 	 6
arabic/1E_favorite query:الصين: لقاح #فيروس_كورونا سيكون في الأسواق بنهاية 2020 - يكلف 140 دولارا وسيتم إعطاؤه في جرعتين كل 28 يوما https://t.co/FoMF3xTBxn 	 24
arabic/1E_favorite query:تقرير / علماء من الصين اكتشفوا ( بالضبط ) كيف يدخل فايروس #كورونا الى خلايا جسم الانسان ويستخدمها لانتاج المزيد من النسخ من نفسه فائدة الاكتشاف ؟ تسريع جهود تطوير لقاح او علاج 🙏🏼 https://t.co/G9MhFqIGfR 	 147
arabic/1E_favorite query:🔴#عاجل وزير الصحة: من الصعب التنبؤ بموعد توفير اللقاح عالميً https://t.co/7CoOL8jwqE #التعليم_عن_بعد #فيروس_كورونا #المملكة #العام_الدراسي https://t.co/RCKSNIyaC5 	 4
arabic/1E_favorite query:#عاجل | زريقات لـ "رؤيا": سيتم إعطاء اللقاح "الأردني - الاماراتي" ضد كورونا لـ 150 شخصاً الأربعاء #رؤيا_الاخباري #الاردن #كورونا https://t.co/Q46QWwWLVx 	 49
arabic/1E_favorite query:ما هو لقاح #كورونا الذي أعلن ترمب أنه سيكون متاحا بنهاية 2020؟ اسأل عن علاقة الأدوية بكوفيد 19 ليجيب عليك د. بلال زعيتر/ خبير في علم الأدوية واللقاحات ومحاضر دولي في الأمن الدوائي https://t.co/D4xKp12pXQ 	 30
arabic/1E_favorite query:طبيب إيطالي يتحدث عن حقيقة #فيروس_كورونا ويقول ان هذا المرض تمت صناعته ويستهدف القضاء على تكاثر البشر والقضاء على نسبة كبيرة منهم، ويقول تجنب فحص كورونا وتجنب اي لقاح ولا تصدق الارقام التي تنشر. https://t.co/1OH7IldGGs 	 14
arabic/1E_favorite query:#الصحة_العالمية تعلن بحث فاعلية وآلية اعتماد اللقاح الروسي لـ #كورونا https://t.co/ccc1nHc63Q 	 19
arabic/1E_favorite query:حققت دولة #الإمارات الأمس إنجازًا جديدًا بوصول عدد المتطوعين لتجربة لقاح فيروس #كورونا فيها إلى 15 ألفًا وهو العدد اللازم لاكتمال المرحلة الثالثة من التجارب العالمية. #اقترب_اللقاح #وقاية_الإمارات #لأجل_الإنسانية #4Humanity https://t.co/ZEja91LieN 	 4
arabic/1E_favorite query:#الهند تختبر ثلاثة لقاحات ضد #كورونا وجاهزة لإنتاجها. #بوابة_الأخبار https://t.co/4DheIuZ41m 	 2
arabic/1E_favorite query:من منع او حرم العراق من الإستفادة من منظومــة صواريخ الــS400 والذي كان كافيا على تخليص العراقيين من فيروس ارهاب امريكا الجـــوي ـــ قادرا على حرمانه مجددا من الاستفاده من اللقاح الروسي وتخليص العراقيين من فيروس كورونا #المستشفيات_بلا_كوادر_صحيه #الاستهتار_التركي #اركض_اخوي_عامر 	 20
arabic/1E_favorite query:#روسيا : تسجيل أول لقاح لفيروس #كورونا في العالم الاسبوع المقبل . 	 20
arabic/1E_favorite query:«#الصحة_العالمية»: لا يوجد لقاح بالعالم فاعليته كبيرة ضد #كورونا 100% #عاجل #عكاظ #ان_تكون_اولا #تطبيق_عكاظ #كورونا #corona @WHO https://t.co/MxhpA0YidW 	 14
arabic/1E_favorite query:س: هل سنحصل على التطعيم بالمشاركة في تجارب المرحلة الثالثة ؟ ج: سيتم توزيع المتطوعين على ثلاث فئات. مجموعتين سيحصلون على تطعيم حقيقي. والثالثة ستحصل على لقاح وهمي (Placebo). وسيتم مراقبة المتطوعين خلال مرحلة الدراسة وإجراء المقارنات #لأجل_الإنسانية 	 9
arabic/1E_favorite query:🚨 أخيراً ولأول مره ، #منظمة_الصحة_العالمية تعلن خبر إيجابي وتبشر عن لقاح محتمل ضد فايروس #كورونا .. ! https://t.co/zhYlaOVurD 	 4
arabic/1E_favorite query:اللقاح الروسي الجديد ضد #كورونا يحظى باهتمام 20 دولة. https://t.co/hUcIxztPkC https://t.co/zWSA3IKnnq 	 56
arabic/1E_favorite query:#عاجل أعلن الرئيس الروسي بوتين رسميا عن أول لقاح ل #كورونا في العالم ـ 11 آب ـ وكالة اسبوتنيك تم تطوير أول لقاح روسي ل #فيروس_كورونا بشكل مشترك من قبل معهد أبحاث جاماليا ووزارة الدفاع الروسية، وبدأت التجارب السريرية في 18 يونيو, حيث تم تحصين جميع المتطوعين ال 38 ضد المرض https://t.co/cyOqwaSUab 	 1
arabic/1E_favorite query:1- نيويورك تايمز تزف بشارة بتقدم في نتائج أبحاث لقاح فيروس #كورونا #كوفيد_19 "في السباق، مجموعة أكسفورد تقفز إلى الأمام بينما يستعد العلماء في معهد جينر للتجارب السريرية الجماعية ، تظهر الاختبارات الجديدة أن لقاحهم فعال في القرود"ر ضارة للبشر. https://t.co/fHBfuZo0yj 	 79
arabic/1E_favorite query:#روسيا تعلن انتهاء تجارب لقاح فيروس #كورونا كوفيد 19 .. وتستعد لتطعيم السكان https://t.co/pw67ZVOabF 	 343
arabic/1E_favorite query:@A_S_A_Alothman الصين دورها مريب خلال ازمة #كورونا من مختبرات يوهان انطلق انتشر في العالم كله ولم يصب بقية الصين تعافت قبل الجميع مع انها كبر دولة سكانا نشرت فيدوهات كاذبه عن سقوط الناس في الشارع معلومات مضلله مع منظمه الصحه العالميه واخير اللقاح دورها عليه علامات استفهام 	 5
arabic/1E_favorite query: إنتاج مليون جرعة في الشهر من لقاح أوكسفورد" البريطاني"💉💊 😮 #كوفيد19 #covid19 #coronaupdate #corona #كورونا https://t.co/rgcwt5NybZ 	 4
arabic/1E_favorite query:بشائر خير 🛑 اعلنت اربع دول اوربية من ضمنها المانيا كما صرح وزير الصحة الالماني السيد سبان توقيع عقود آجلة لشراء ٣٠٠ مليون جرعة لقاح (اكسفورد) ضد فيروس كورونا المتوقع انتاج واعتماد اللقاح في بداية عام ٢٠٢١ الدول هي: المانيا فرنسا ايطاليا هولندا https://t.co/oCrLtSyLsd 	 35
arabic/1E_favorite query:🇨🇳 بعد أن أعلنتها روسيا.. الصين تعلن عن تسجيل لقاح آمن وفعال ضد #كوفيد_19 من دون آثار جانبية سلبية 💉 ما هو هذا اللقاح ومن هي الشركة المنتجة له؟ #COVID19 #شغف_بالمعرفة https://t.co/vM8SX75kNL 	 42
arabic/1E_favorite query:وكالة إنترفاكس نقلاً عن وزير الصحة الروسي: - أكملنا التجارب السريرية للقاح ونعمل على إعداد أوراق التسجيل. - نستعد لبدء حملة تطعيم واسعة ضد الفيروس في أكتوبر. - الأطباء والمعلمون سيكونون أول من سيُطعّم . #فيروس_كورونا #روسيا https://t.co/UT9LZ5gG1X 	 80
arabic/1E_favorite query:أدانت وزارة الخارجية الروسية يوم الجمعة، قرار #الولايات_المتحدة بإدراج ثلاثة معاهد بحثية روسية على القائمة السوداء، يجري أحدها تجارب لتطوير لقاح مضاد لمرض فيروس #كورونا الجديد (كوفيد-19)، لافتة إلى أن واشنطن ذاتها تجري بحوثا مشبوهة داخل الولايات المتحدة وخارجها. #روسيا https://t.co/1Qf7GFyfv4 	 23
arabic/1E_favorite query:هام.. مع اكتشاف قلة الحالات في البلدان المستخدمة له.. "أدلة مثيرة" على أن لقاح السل قد يكون فعالا ضد Covid-19! https://t.co/oC3SfvsXuw 	 128
arabic/1E_favorite query:عاجل 🔴 . . روسيا تعلن رسمياً بأن لقاح فيروس كورونا الذي بدأت إنتاجه سيطرح بنهاية الشهر الجاري. . . روسيا 	 624
arabic/1E_favorite query:مراسل #العربية في #موسكو مازن عباس: 20 دولة طالبت #روسيا بتوريد لقاح #كورونا أو المشاركة في إنتاجه.. والمصانع لا تستطيع توفير كميات كبيرة للتوزيع الخارجي https://t.co/ZQVtz3kEnr 	 33
arabic/1E_favorite query:#عاجل الرئيس الأميركي دونالد ترامب: سنعلن قريبا عن لقاح ضد فيروس كورونا المستجد 	 36
arabic/1E_favorite query:خبر جميل من #اندونيسيا 🇲🇨 Kabar baik dari Indonesia❣️ #اندونيسيا ❤️ تكشف موعد تجاربها عن لقاح 💉 #كورونا من الاسبوع المقبل تبدا #اندونيسيا تجارب لقاح كورونا بالتعاون مع شركة سينوفاك الصينيه 🇨🇳 #كورونا #رواد_اندونيسيا #الاخبار_الحلوه #Jakarta #Korona https://t.co/1t5nryKD6u 	 18
arabic/1E_favorite query:#البابا_فرنسيس يعرب عن أمله في عدم تقديم لقاح مستقبلي ضد فيروس #كورونا للأثرياء فقط بل يجب أن يكون متاحاً للجميع https://t.co/OoERK21piJ 	 90
arabic/1E_favorite query:منظمة الصحة العالمية : وقف انتشار فيروس كورونا مرهون بالتوصل إلى لقاح ولكن لا ضمان للوصول إليه كما أنه وحتى فى حال الوصول إلى اللقاح المطلوب فإنه سيكون الالتزام بالإجراءات مطلوباً لحماية كل شخص لنفسه وللآخرين. https://t.co/XVsVqysfWq 	 103
arabic/1E_favorite query:تخصيص 84 ألف جرعة من لقاح كورونا لجامعة الأمير سطام في مرحلتها الأولى لخدمة منسوبي ومنسوبات الجامعة وذويهم . 	 305
arabic/1E_favorite query:اثبتت اختبارات اجريت على لقاح ضد فيروس كورونا في جامعة كوينزلاند الاسترالية فعاليته في التجارب ما قبل السريرية حيث قدم اللقاح مستويات مناعة افضل من تلك التي اكتسبها المصابون بالفيروس بعد تعافيهم. https://t.co/WWjtTtXtrS 	 5
arabic/1E_favorite query:#روسيا تسجل أول لقاح ضد #كورونا .. وأخبار عالمية أخرى عن فيروس #كوفيد_19 ضمن المتابعة اليومية لـ #صحيفة_الوطن_العمانية وهنا صفحة عدد الأربعاء 22 من ذي الحجة 1441هـ الموافق 12 أغسطس 2020م. https://t.co/R3qhHE65pX 	 24
arabic/1E_favorite query:سباق جيوسياسي نحو إيجاد لقاح لكوفيد-19 .. المصالح على حساب السلامة ... https://t.co/zh0a0qyh91 #لقاح #فيروس_كورونا #كوفيد_19 	 6
arabic/1E_favorite query:#ميركل: جائحة #كورونا ستتفاقم قريبًا.. والحياة لن تعود لطبيعتها قبل ابتكار لقاح https://t.co/1Nf1F80qwb https://t.co/Z4qnQUu5gs 	 34
arabic/1E_favorite query:وقال #بوتين خلال اتصال عبر الفيديو مع وزراء حكومته، "هذا الصباح، وللمرة الأولى في العالم، جرى تسجيل لقاح ضد فيروس #كورونا المستجد في #روسيا" #اندبندنت_عربية_تغنيك https://t.co/TISNYWWLeV 	 19
arabic/1E_favorite query:بعد تصريحات فاوتشي المتشائمة.. #ترمب: قد يتوفر لقاح لفيروس #كورونا قبل الانتخابات الرئاسية https://t.co/GIjIdeiEdQ #العربية 	 35
arabic/1E_favorite query:بوتين يعلن رسميًا إنتاج روسيا لقاح ضد فيروس كورونا https://t.co/A16rkHlkmY 	 5
arabic/1E_favorite query:د.فاوتشي ينبه إلى أن فعالية لقاح كوفيد19 قد لا تتجاوز 50% أو 60%.. وهذا يعني أننا سنكون مجبرين على أخذ لقاح غير مؤكد الفعالية وغير مضمون العواقب أيضاً..! ما هذا العبث..؟! . https://t.co/cLLrTSGdsL 	 54
arabic/1E_favorite query:أثبت فعالية مع كبار السن.. بشائر أول لقاح أمريكي مضاد لـ #كورونا https://t.co/GKh2vqstqL 	 37
arabic/1E_favorite query:#عاجل متحدث الصحة: تسجيل 48 إصابة جديدة بفيروس كورونا وإجمالي الحالات يصل إلى 392 حالة. #واس_عام 	 1949
arabic/1E_favorite query:صحيفة بريطانية: - كبير أطباء الجهاز التنفسي في روسيا استقال من مجلس الاخلاقيات بوزارة الصحة بسبب ما وصفها بالانتهاكات الجسيمة لأخلاقيات مهنة الطب، التي حدثت نتيجة الاستعجال في إنتاج لقاح ضد فيروس كورونا وذلك بعد فشله بمنع تسجيل اللقاح لاسباب متعلقة بالسلامه 	 4
arabic/1E_favorite query:سرعة تطوير لقاح "سبوتنيك في" تدفع بكبير أطباء الجهاز التنفسي بروسيا إلى الاستقالة.. فما القصة؟ #سبوتنيك_في #روسيا #استقالة #طبيب #لقاح #كورونا #فيروس https://t.co/Sh4rW2ORcV 	 24
arabic/1E_favorite query:بدأت #إندونيسيا الثلاثاء اختبار لقاح صيني ضد فيروس #كورونا المستجد طوره مختبر "سينوفاك بيوتيك" على 1600 متطوع. وسبق أن اختبر هذا اللقاح على 9 آلاف متطوع في البرازيل، وهي ثاني أكثر الدول تضرراً في العالم من الفيروس بعد الولايات المتحدة. #فرانس_برس (2/1) 	 26
arabic/1E_favorite query:مع إعلان #روسيا اليوم تطوير أول لقاح يوفر مناعة مستدامة ضد #فيروس_كورونا هبوط كبير للذهب والفضة، وصعود للأسهم، ( مؤشرات تعافي اقتصادي عالمي) . https://t.co/cNVSWgLP2q… https://t.co/GDu5F3irtS 	 3
arabic/1E_favorite query:وزارة الدفاع ممثلة بالإدارة العامة للخدمات الطبية للقوات المسلحة تساند جهود وزارة الصحة وغيرها من الجهات الحكومية في إجراءاتها الاحترازية والاستباقية في مواجهة فيروس #كورونا_الجديد ⁦#Covid19. #كلنا_مسؤولون⁩ ⁧#الوقاية_من_كورونا⁩  ⁧#كورونا⁩ https://t.co/X1Rq69wMBc https://t.co/LW33H4M52r 	 1308
arabic/1E_favorite query:حتى لو وجد لقاح كورونا.. مشكلة جديدة تواجه "نصف بريطانيا" https://t.co/fCN97KRJoi #كورونا 	 1
arabic/1E_favorite query:🇨🇳🇺🇲| مجلة الجمعية الطبية الأمريكية JAMA .. أظهرت بيانات اختبارات سريرية .. 🔸️أن اللقاح الذي طورته الصين 🔸️يعطل فيروس COVID-19 .. ويعد آمناً ويولد استجابة مناعية 🔸️ولكن يجب اتمام المرحلة الثالثة https://t.co/10hqRorXR5 	 38
arabic/1E_favorite query:أول دولة في العالم.. روسيا تعلن بدء إنتاج اللقاح ضد فيروس كورونا رسميا https://t.co/QdCBYjL464 	 3
arabic/1E_favorite query:وزارة الصحة و البيئة : #العراق أول بلد سيحصل على لقاح #فيروس_كورونا في حال إقراره #الشرقية #الشرقية_نيوز https://t.co/Q62grUZfNe 	 130
arabic/1E_favorite query:شركة Moderna🇺🇸 تحدد سعر لقاحهـا (mRNA1273) ضد الفيروس التاجي الذي يخوض حالياً المرحلة النهائية من التجارب التسعيرة: قيمة الجرعة الواحدة من اللقاح (37 دولار) مايعني أن اللقاح سيكلف الشخص الواحد (74 دولار) حيث أنه يحتاج لإستخدام جرعتين لتحصين نفسه بالكامل https://t.co/CXEIdsrpTe 	 6
arabic/1E_favorite query:مستفيدون من الرعاية الصحية المنزلية يتلقون الجرعة الاولى من لقاح #كوفيد_19 بمحافظة #الرس https://t.co/Dy6sThQHCG 	 131
arabic/1E_favorite query:#ألمانيا تشكك في "فعالية وسلامة" اللقاح الروسي #روسيا #Covid19 #كورونا #corona #كوفيد_19 https://t.co/roVqwEdSUM 	 60
arabic/1E_favorite query:أعلن وزير الصحة الروسي اليوم الأربعاء أنه سيتم خلال أسبوعين إنتاج الكمية الأولى من اللقاح الروسي ل #فيروس_كورونا الجديد، على الرغم من الشكوك الدولية تجاهه التي تم التعبير عنها عقب إعلان الرئيس الروسي فلاديمير بوتن عن التوصل إليه. 	 5
arabic/1E_favorite query:فاضي سيادتك تقرأ الخبر ده ولا مشغول بالهرى فى سيرة الناس والخوض فى أعراضهم؟ الخبر فتح علمى ونصر مصري يستحق انك تنشر وتفرح وتفتخر 👇 كشف رئيس الفريق البحثي لإنتاج لقاح كورونا المصري محمد أحمد علي عن توجه المركز القومي للبحوث في مصر لإجراء تجارب سريرية على اللقاح الجديد في غضون١/٢ 	 259
arabic/1E_favorite query:فاوتشي يحذر من إعطاء جرعة واحدة من لقاحات فايزر وموديرنا، ويدعو للالتزام بالجرعتين كما تم في التجارب السريرية. الخطر أن تكون الحماية أقل، وأن نسمح بانتشار الأشكال المتحوّرة من الفيروس. وأن نهز ثقة الناس باللقاحات، باعتمادنا بروتوكولات غير مدعومة بالتجارب. https://t.co/8HmVbV65I7 	 260
arabic/1E_favorite query:خبراء أمريكيون يطالبون بمنح الشركات حق رفض توظيف الأشخاص الذين لم يتلقوا لقاح فيروس كورونا بمجرد إتاحته للجمهور وحتى رفض خدمة الأفراد غير الملقحين https://t.co/Npd1e6fDGK 	 2
arabic/1E_favorite query:عاجل: الرئيس الروسي بوتين يعلن رسميًا عن تسجيل بلاده أول لقاح ضد فيروس كورونا . 	 11595
arabic/1E_favorite query:3 أيام تفصل العالم عن اعتماد أول لقاح محتمل ضد #كورونا https://t.co/nrnqlAOX8e 	 14
arabic/1E_favorite query:من جديد ⚠️متداول بأن اللقاح الروسي سيتم تسجيله12اغسطس واستخدامه لمرضى القطاع الصحي/التعليمي ⚠️موقع صندوق الاستثمار الروسي الممول للتطعيم خالي من أي خبر ⚠️مصدر الخبر سبوتنيك؛ وحسبما هو مكتوب فإنه قيد التجربة https://t.co/YrLwroLNsp 🔴⚠️المشكلة:لاتوجد دراسة للتطعيم ولاخبر رسمي🔴 https://t.co/rtlEDzG8v7 https://t.co/zwyIJC5Jxs 	 17
arabic/1E_favorite query:أستاذ المناعة وتطوير اللقاحات بمعهد إدوارد جينر أحمد سالمان: جرعة لقاح جونسون أند جونسون تعطي مناعة بنسبة 70% ضد #كورونا.. والاختبارات الحالية حول الاستمرارية #العربية https://t.co/rQuyrlk3fI 	 20
arabic/1E_favorite query:خبراء ينصحون بأخذ لقاح متاحٌ منذ فترة طويلة لتفادي الإصابة بكورونا https://t.co/D0REiGIEuz #كورونا https://t.co/TxVFULwG9n 	 1
arabic/1E_favorite query:#شاهد_بالفيديو ابنة الرئيس الروسي تتلقى اللقاح الذي أعلن عنه فلاديمير #بوتين اليوم كأول لقاح لـ #كورونا في العالم. #جريدة_الوطن_القطرية #الدوحة #قطر #كوفيد_19 #لبنان_في_قلوبنا https://t.co/dsuHysVaf1 	 20
arabic/1E_favorite query:#بوتين: #روسيا طورت أول لقاح مضاد لفيروس #كورونا في #العالم https://t.co/GqjqJLBDBY https://t.co/YcGtTvuEUp 	 17
arabic/1E_favorite query:الأردن سيشتري اللقاح الروسي ضد كورونا "إذا ثبتت نجاعته" #الاردن #فيروس_كورونا #لقاح https://t.co/THC2y19HYA 	 25
arabic/1E_favorite query:#روسيا تعلن إنتاج نحو 2 مليون جرعة من لقاح #كورونا شهريا بحلول نهاية العام #عكاظ #ان_تكون_اولا #تطبيق_عكاظ https://t.co/VD55AtKbWM 	 5
arabic/1E_favorite query:#الاسبوع_العالمي_للرضاعة_الطبيعية🤱... هل تعلمين 🤔 أن أول جرعة تطعيم لطفلك هو #حليب_الأم عبر #الرضاعة_الطبيعية ... لاحتوائه على 1️⃣ أجسام مضادة 2️⃣ #الخلايا_الجذعية المهمة فهو محارب قوي ضد #فيروس_كورونا #الرضاعة_الطبيعية نعمة من الله فلا تحرمي نفسك وطفلك منها... #صباح_الخير https://t.co/FTxeDD4ZMF 	 12
arabic/1E_favorite query:#الشبيبة| اللقاح الروسي ضد #كورونا لن يكون متاحًا للأطفال في العام الحالي.. https://t.co/FetKlWdhb2 	 16
arabic/1E_favorite query:رغم تأخر شركة #جونسون_آند_جونسون في الوصول إلى لقاح مضاد لفيروس #كورونا المستجد، مقابل شركات مثل #فايزر و #إسترازينيكا" التي وصلت إلى مرحلة الإنتاج النهائي، فإن لقاحها تميز بعدة عوامل: https://t.co/jSfvNbw5Mm https://t.co/4KP9MKdfgq 	 1
arabic/1E_favorite query:اختصاصي الامراض الباطنية بمستشفى الفروانية د.خالد الفصام : •لا يوجد دراسات علمية موثوقة تقارن لقاح بأخر وجميع اللقاحات المتوفرة في الكويت فعالة وآمنة في منع العدوى والاعراض الشديدة للفيروس ولا يوجد خطر على حياة الانسان https://t.co/9GdfaW1hHI 	 1
arabic/1E_favorite query:#روسيا تتوصل لاتفاق لتجربة لقاح #كورونا في #السعودية و #الإمارات https://t.co/uGZby7UhbV 	 12
arabic/1E_favorite query:دليل بسيط جداً ان #كورونا مصنع معملياً و مش من تطوير الطبيعة، هو عدم اختفاؤه باختلاف المواسم! ادوار البرد موسمية بتختلف كل ٣ شهور تقريباً، والدراسات تؤكد انه لن يختفي بدون لقاح و علاج و احتمالية استمراره ل ٤ سنين ! 	 362
arabic/1E_favorite query:#روسيا تعلن أنها ستختبر لقاح #كورونا على 40 ألف شخص #عكاظ #ان_تكون_اولا #تطبيق_عكاظ https://t.co/VD55AtKbWM 	 9
arabic/1E_favorite query:قلة أعداد المصابين..أزمة تواجه إنتاج لقاح لفيروس #كورونا https://t.co/E5vQpIIaqi 	 2
arabic/1E_favorite query:لا صحة للصور المتداولة عن موانع تطعيم كورونا، ووزارة الصحة تؤكد على ضرورة أخذ المعلومة من مصادرها الرسمية. https://t.co/lOa8zhuBOn https://t.co/BTocBn09Jg 	 114
arabic/1E_favorite query:#روسيا تعلن تسجيل لقاح مضاد لفيروس #كورونا الأسبوع المقبل https://t.co/IU9uiacyeh 	 36
arabic/1E_favorite query:#لواء_5يونيو| وزارة الصحة العمانية تؤكد وجود تنسيق مستمر مع التحالف العالمي للقاحات والتحصين (جافي) من أجل الحصول على 700 ألف جرعة من لقاح فيروس كورونا فور تصنيعه وإنتاجه. https://t.co/7LGYrLCGDP 	 11
arabic/1E_favorite query:عاجل | منظمة الصحة العالمية: نعمل على لقاح فعّال ضد #كورونا https://t.co/5t3eIvPjBE https://t.co/9uSSn8EGzV 	 11
arabic/1E_favorite query:#بوتين: طورنا أول #لقاح ضد #كورونا https://t.co/4KhbQ4zXvh https://t.co/VaODOQiVJq 	 8
arabic/1E_favorite query:كبير خبراء الأمراض المعدنية في مركز السيطرة على الأمراض والوقاية منها (CDC) الصيني يعترف بانهم لم يعزلو فيروس كورونا 😲 يعني لا يمتكلمون الخريطة الجينية للفيروس!!! اههها اترك لكم الإجابة (كل حسب مستواه) على الاسئلة : 1-كيف تم تطوير لقاح كورونا ؟ 2- كيف يقوم الاطباء بالتحليل؟ https://t.co/Ioi5fNoJhr 	 73
arabic/1E_favorite query:@Nadaprg وعليكم السلام لا يوجد ما يثبت تأثير لقاح فايروس كورونا على الإنجاب،كما لا يوجد تعارض بين اللقاح وحبوب منع الحمل،وتعتبر الحامل من الفئات الممنوعة من أخذ اللقاح وينبغي لمن ترغب بالحمل الانتظار لمدة لا تقل عن 90 يوم بعد أخذ الجرعة الثانية. مع تمنياتنا للجميع الصحة والعافية 	 19
arabic/1E_favorite query:سبق أن تحدثت بهذا في اول يوم لظهور مسرحية كورونا وبنفس ما ذكرته سعادة المحامي وهذه حقيقة وسيتجلى قريبا ولكن بغطاء شرير أنه تم إنتاج لقاح حتى لا تشكك الشعوب في شيطنة الأنظمة الخبيثة https://t.co/bvHb48nYsb 	 17
arabic/1E_favorite query:أميركا تخصص أكثر من مليار دولار لتوفير 100 مليون جرعة من لقاح لـ #كورونا #العربية_عاجل https://t.co/a1vIGVFnOW 	 64
arabic/1E_favorite query:الإبداع يتجسّد في هذا المقطع. هذه الشابة من #نيوزلندا تتلقى جرعة لقاح بينما الحقنة ما تزال مغلّفة بغطائها. 📌 هل سيكون لقاح فايروس #كورونا على هذا الشكل؟ لا أشكّك طبعاً ولكن! https://t.co/sSoLte55Ub 	 13
arabic/1E_favorite query:هل تكون نهاية كورونا على يد العلماء الروس؟ الرئيس الروسي فلاديمير بوتن أعلن في خبر عاجل قبل قليل خروج العلماء بأول لقاح في العالم ضد فيروس كورونا. https://t.co/YO9oLTTfvG 	 15
arabic/1E_favorite query:الاهمية العلمية والطبية ضعيفة جدا لهذا اللقاح؛ ١.تم اختباره على 76 متطوع فقط ٢.لم يدخل المرحلة٣ من التجارب والتي تختبر الفاعلية والكفاءة والامان على آلاف المتطوعين ٣.لم تنشر نتائج التجارب قبل السريرية او السريرية ٤.لا نعرف بالضبط الأمان/الفعالية https://t.co/Y8P08Ck64A https://t.co/Sk33Ei66VB 	 9
arabic/1E_favorite query:#مع_الحكيم تحذيرات من التوقعات الخاطئة بشأن توفر لقاح في سبتمبر/ أيلول #كوفيد19 #covid19 #coronaupdate #corona https://t.co/d9U7W4elcc 	 0
arabic/1E_favorite query:. شركة صينية : لقاح #كورونا سيكون متاحاً نهاية عام 2020م وسيكلف أقل من 140 دولاراً . https://t.co/WAW7G8Xmgy 	 0
arabic/1E_favorite query:فاوتشي يتوقع وجود لقاح فعال لـ فيروس كورونا بنهاية العام الجاري أو بداية العام المقبل https://t.co/UaSTAGaof8 	 26
arabic/1E_favorite query:المملكة العربية #السعودية تعلن عن إلزامية أخذ لقاح #كوفيد_19 للراغبين في أداء مناسك الحج عام ١٤٤٢ . 	 4
arabic/1E_favorite query:قال الرئيس الروسي فلاديمير بوتين يوم الثلاثاء، إن #روسيا سجلت أول لقاح ضد فيروس #كورونا الجديد المسبب لمرض "كوفيد-19" في العالم. أعرب بوتين عن أمله في أن تبدأ عملية الإنتاج الضخمة للقاح المسجل في روسيا، في المستقبل القريب وسوف يكون اللقاح متاحا للجميع في البلاد بالمجان. https://t.co/4TuuD8XNDl 	 21
arabic/1E_favorite query:الباحث العربي الوحيد المشارك في إنتاجه: لقاح أكسفورد ضد كورونا أصبح جاهزاً https://t.co/8DSW9pY55C #جامعة_اكسفورد #لقاح_كورونا #فيروس_كورونا https://t.co/5VKIFelVM8 	 5
arabic/1E_favorite query:إن اقصر مدة استلزمت لتصنيع لقاح والتأكد من جدواه وسلامته (مع التحفظ) من مرحلة التطوير حتى الإنتاج في العصر الحديث كانت 4 سنوات لذلك إعطاء لقاح لعموم الناس أكثر مخاطرة من الإصابة بالفيروس الذي ٩٩% نسبة التعافي منه دون لقاح ...ألا ليت قومي يعقلون https://t.co/84tNNoee4V 	 503
arabic/1E_favorite query:رئيس الصندوق السيادي الروسي يعلن أن 20 دولة أجنبية طلبت مسبقاً أكثر من مليار جرعة من اللقاح الروسي ضد #كوفيد_19 مشيراً إلى أن المرحلة الثالثة من التجارب تبدأ الأربعاء #COVID19 #Russia #RussianVaccine https://t.co/LYh4vMpkQa 	 12
arabic/1E_favorite query:🔴 ٥-لايوجد دواء يعالج #فيروس_كورونا ٦-لا يوجد لقاح حاليا وقد يطول انتاجه ان تم ذلك ٧-الدواء الذي تم الحديث عنه مؤخرا #ديكساميثازون يعتبر دواء جيد في حالات معينة (للالتهابات المصاحبة لمرضى #كوفيد١٩) ٨- لا يستخدم للوقاية أبدا لأن لديه أعراض جانبية كثيره لانه #كورتيزون 	 10
arabic/1E_favorite query:لقاح #كورونا قريب جداً ومصدره الصين متفوق على اللقاحات الأخرى متجاوزاً مرحلتين اختبارية والآن في مراحله التجريبية الأخيرة https://t.co/uVojnFxNdC 	 2
arabic/1E_favorite query:#عاجل 🔴 منظمة الصحة العالمية: لا يوجد حتى الآن أي لقاح قد استوفى شروط المنظمة للوقاية من مرض فيروس #كورونا .. https://t.co/Dad49Jue29 	 6
arabic/1E_favorite query:الصين: لقاح #فيروس_كورونا سيكون في الأسواق بنهاية 2020 https://t.co/SaCKwMthNU 	 4
arabic/1E_favorite query:بدء المرحلة الثانية من اختبار لقاح روسي جديد لـ #كورونا https://t.co/ZFuK8AUblv 	 13
arabic/1E_favorite query:قال أنطوني فاوتشي، مدير المعهد الأميركي للأمراض المعدية، في لقاء عبر الفيديو نظمته جامعة جورج واشنطن، "لا يمكننا إجبار الناس أو محاولة إجبارهم على تلقي اللقاح" #كورونا #اندبندنت_عربية_تغنيك https://t.co/0AmIZ3mTem 	 12
arabic/1E_favorite query:سيبدأ العام الدراسي بعد أسبوعين، والمقرر أن تكون الدراسة عن بُعد 7 أسابيع = 9 أسابيع = تقريبًا شهرين، وأظنها المدة المتوقعة لظهور لقاح ناجح لـ #كورونا مع توفيره واكتمال تطعيم المعلمين والطلاب. #العام_الدراسي_الجديد 	 4
arabic/1E_favorite query:شركة Pfizer# توافق على تصنيع لقاح Remdesivir لفيروس #كورونا الخاص بشركة Gilead# https://t.co/pan9Pwk5Jv 	 23
arabic/1E_favorite query:عاجل 🔴 .  .  إيطاليا تبدأ في استخدام علاج لفيروس كورونا .. وأنباء عن ثبوت فاعليته. (العربية) .  . #ايطاليا 	 2500
arabic/1E_favorite query:استقالة البرفيسور الروسي من اللجنة الاخلاقيات الطبية بسبب تسجيل اللقاح الروسي بدون تجربته والذي يتنافى مع الاخلاقيات العلمية... وشهد شاهد من اهلها https://t.co/8jZH96lPYL 	 4
arabic/1E_favorite query:#الصحة تعلن عن تسجيل (١١٩) حالة إصابة جديدة بفيروس #كورونا الجديد (كوفيد١٩). https://t.co/5bSW6YN7FV 	 8005
arabic/1E_favorite query:بالطبع لن آخذ هذا اللقاح.. الدكتور #سانجاي_غوبتا يشرح شكوكه حول اللقاح الروسي ضد فيروس كورونا ومدى فعاليته.. شاهد بالفيديو ما قاله https://t.co/OWhHrsZl5J 	 41
arabic/1E_favorite query:حالياً أكثر من 140 مختبر حول العالم يقومون بتطوير لقاح ضد #فيروس_كورونا منهم من وصل للمرحلة الثالثة (الأخيرة) والنتائج مبشرة مع اختلاف التفاصيل التقنية في طرق تصنيع اللقاح وتحفيز الجهاز المناعي لإنتاج أجسام مضادة 	 5
arabic/1E_favorite query:الباحث في علوم الأمصال علي فطوم: مع عدم وجود لقاح أو علاج لـ #كورونا لا يمكن منع العدوى دون الالتزام بالتباعد الاجتماعي وارتداء الكمامات #العربية https://t.co/yM9z79yucB 	 10
arabic/1E_favorite query:#بوتين: الانتاج الصناعي للقاح الروسي ضد #كورونا سيبدأ في سبتمبر - ابنته تلقت لقاح كوفيد-19 الروسي الجديد. #روسيا #لقاح_كورونا https://t.co/NNpLwpvA5Y 	 0
arabic/1E_favorite query:#الصحة: •أبحاثنا مستمرة وسنجري تجربة سريرية جديدة للقاح ضد #فيروس_كورونا • 5 آلاف متطوع سيتم استهدافهم لتجربة لقاح الفيروس في المملكة •تجري حاليْا الاستعدادت لبدء التجربة السريرية للقاح في #الرياض و #الدمام و #مكة •تم التأكد من فاعلية وأمان اللقاح في المرحلتين 1 - 2 في الصين https://t.co/lpQXzfYnpd 	 441
arabic/1E_favorite query:ستتبرع جمهورية صربيا بـ 5000 جرعة من لقاحات فيروس كورونا AstraZenec لتلبية احتياجات العاملين الصحيين في اتحاد البوسنة والهرسك وستسلم اللقاحات في مطار سراييفو الدولي غدًا.  #البوسنة_بالعربي 	 0
arabic/1E_favorite query:4 لقاحات صينية مضادة لـ #كورونا تخضع للمرحلة الثالثة من التجارب الإكلينيكية https://t.co/1ni7evmgRh 	 49
arabic/1E_favorite query:شركة بريطانية توافق على صفقة لقاح #كورونا.. وأول تسليم في سبتمبر https://t.co/mZG7hQPURN #فيروس_كورونا #شركات 	 41
arabic/1E_favorite query:رئيس وزراء أستراليا يرغب في جعل اللقاح ضد #كورونا إجباريا https://t.co/uY6HXbCxFs 	 1
arabic/1E_favorite query:#اضواء_الوطن | ميركل: لدينا مقاربات علمية مشجعة حول تطوير لقاح ضد #كورونا 	 1
arabic/1E_favorite query:مدير مشروع تجربة جامعة أوكسفورد انتاج لقاح ضد #كورونا نسبة نجاح التجربة 50% إلى الآن .. 	 30
arabic/1E_favorite query:هذه الحلقة من أبعاد روسية تجيب علميا على بعض الاسئلة بشأن لقاح #كورونا الروسي كيف تم التوصل إليه وما هي المراحل القادمة في الإنتاج والتطعيم https://t.co/wrmzthovDc 	 63
arabic/1E_favorite query:شئ مرعب اذا كان الكلام صحيح. كشفت التجارب ان التطعيم GSK ادى لعقم ٦١ سيدة من اصل ٦٣ . وايضا اثر على الرجال. تخيلوا مستقبل البشرية مع هذا التطعيم بان الناس ما تزال ممكن تصاب بالفيروس وبنفس الوقت عدم القدرة على التكاثر ! #تطعيم #GSKvaccine #كورونا #كوفيد_19 https://t.co/S36nTLbhov 	 55
arabic/1E_favorite query:من أجل الأفضلية.. أمريكا تدفع 1.6 مليار دولار للحصول على أول جرعات لقاح #كورونا لتخطي الحجب: https://t.co/M25v4NoWS6 للمزيد: https://t.co/9gOhJrnn3J 	 1
arabic/1E_favorite query:الاسطورة بيليه يتلقى لقاح كورونا.. "انه يوم لا يُنسى" https://t.co/YlOzy7EAab | #الإمارات_اليوم 	 8
arabic/1E_favorite query:#مع_الحكيم | عالم إيطالي يرجح قرب اختفاء #كورونا من تلقاء نفسه وقبل التوصل إلى لقاح، وتفاصيل مهمة لمرضى السكري من النوع الأول والثاني في مواجهة الفيروس مع د. محمد الريشي استشاري السكري والغدد الصماء @m3alhakim https://t.co/qjWtJOue66 	 55
arabic/1E_favorite query:ترامب يطالب السلطات الصحية تطوير لقاح "#كورونا" قبل الانتخابات للتفاصيل: https://t.co/Ht0xzaqSi6 #نتصدر_المشهد #COVID19 https://t.co/gGcbJLVVGp 	 2
arabic/1E_favorite query:أكثر من 20 لقاحاً محتملاً.. العلماء من جميع أنحاء العالم يسابقون الزمن لتطوير لقاح ضد فيروس #كورونا بأسرع وقت ممكن وبشكل آمن قدر الإمكان.. فمتى تبصر النور؟ https://t.co/kORP3zyeSK 	 115
arabic/1E_favorite query:عاجل 🔴  .  .  متحدث وزارة الصحة:  الفترة القادمة سوف تشهد ارتفاعاً في الحالات المصابة بفيروس كورونا على مستوى العالم .. وقد نلجأ إلى حظر التجول في حال رصد تهاون في الإجراءات الاحترازية. .  . #السعوديه 	 5415
arabic/1E_favorite query:#وزير_الصحة قبل ٧ أيام : سيتم تمديد التعليم عن بعد في حال عدم توفر لقاح #وزير_التعليم اليوم : لا يمكن ربط العودة للمدارس بتوفر اللقاح لفيروس #كورونا #التعليم_عن_بعد 	 11
arabic/1E_favorite query:#لواء_5يونيو| لقاح تجريبي من تطوير جامعة أوكسفورد البريطانية يحقق نتائج واعدة في مكافحة فيروس كورونا إذ يبدو اللقاح حتى الآن آمنا ويحقق استجابة مناعية جيدة ضد الفيروس. https://t.co/QbAC9Ic9ET 	 9
arabic/1E_favorite query:#Covid19 رسمياً الرئيس الروسي فلاديمير #بوتين يعلن تسجيل بلاده أول لقاح في العالم مضاد لفيروس كورونا ويقول أن احدى بناته ضمن من تم حقنهم باللقاح الجديد ضد #فيروس_كورونا https://t.co/a81ADoOpRB 	 13
arabic/1E_favorite query:روسيا تستبق أميركا بالإعلان عن تسجيل أول لقاح ضد فيروس #كورونا ... المؤتمر الصحفي للرئيس الأميركي دونالد #ترامب https://t.co/5hx8QhihLK 	 30
arabic/1E_favorite query:من ثلاث لقاحات لفيروس #كورونا بالهند ، واحد منها يدخل المرحلة الثالثة https://t.co/qc0UeRQKKg 	 26
arabic/1E_favorite query:عاجل 🔴 . . روسيا تجهز لحملة تطعيم جماعية ضد فيروس كورونا المستجد في شهر أكتوبر المقبل بعد استكمال التجارب السريرية لأحد اللقاحات .. وسيكون الأطباء والمعلمين أول من يجري تطعيمهم باللقاح. . . روسيا 	 927
arabic/1E_favorite query:لماذا تتزايد المخاوف حول العالم من الحصول على لقاح فيروس كورونا؟ #Covid19_vaccine #Hesitancy #Safety #intl #CNN https://t.co/A6JZmP3S6A https://t.co/YkbycSd15B 	 3
arabic/1E_favorite query:مرضى التليف الكيسي cystic fibrosis من الفئات التي تستحق الأولوية في أخذ لقاح كوفيد ١٩.. وذلك لوجود خلل مسبق في وظائف التنفس لديهم قد يزيد من حدة المرض عند إصابتهم بالفيروس. https://t.co/bKQY4h7XTA 	 8
arabic/1E_favorite query:بوتين يعلن عن أول لقاح لـ #كورونا يوفر «مناعة مستدامة».. ويؤكد: ابنتي خضعت للتجارب • الإنتاج الصناعي سيبدأ في سبتمبر.. وعشرون دولة طلبت مسبقاً مليار جرعة https://t.co/j0P9UgG2Ys https://t.co/iYAX3yuCWh 	 23
arabic/1E_favorite query:وزير الصحة: - المملكة حريصة على توفير اللقاح المضاد لكورونا فور التأكد من سلامته. - يتم التنسيق مع الدول التي تقوم بأبحاث؛ للوصول للقاح.. - لا نعتمد أي لقاح إلا بالتأكد من سلامته بشكل كامل. . #فيروس_كورونا https://t.co/mU2kSlPNGz 	 13
arabic/1E_favorite query:موديرنا تزود أميركا بـ100 مليون جرعة من لقاح كورونا #Covid19 #كورونا #corona #كوفيد_19 https://t.co/SYWdkZtdYz 	 37
arabic/1E_favorite query:الرئيس الروسي فلاديمير #بوتين: #وزارة_الصحة #الروسية توافق على بدأ انتاج أول #لقاح لفيروس #كورونا (#COVID19) في العالم. 🇷🇺 	 1
arabic/1E_favorite query:الاتحاد الأوروبي: قادرون على تلقيح كل الأوروبيين بحلول نهاية الصيف المقبل #كورونا #الاتحاد_الأوروبي #لقاح @elaph https://t.co/9PMxgDFvE0 	 0
arabic/1E_favorite query:عاجل| #الصحة_العالمية: نحن معنيون بضرورة توفير لقاح #كورونا لكافة دول العالم https://t.co/yyOGvnQXp2 https://t.co/jCJaseGDVo 	 35
arabic/1E_favorite query:جيوسيبي ريموتسي، مدير معهد ماريو نيغري للأبحاث الدوائية في ميلانو: "المرض يصبح مع الوقت أقل قدرة على الفتك بالإنسان. و #فيروس_كورونا_المستجدّ "سيختفي قبل أن يتمكن العلماء من تطوير لقاح مضاد له. ومنذ ظهور #كورونا أواخر العام الماضي في الصين، فإن قوته تضعف تدريجيا". https://t.co/fqUYmW5acr 	 8
arabic/1E_favorite query:أسترازينيكا: بدء إنتاج لقاح #كورونا قريباً ونأمل توفره نهاية 2020 للتفاصيل: https://t.co/LZ1acgCDf7 #نتصدر_المشهد #COVID19 https://t.co/b2TCtmjKqA 	 8
arabic/1E_favorite query:#فكر_من_جديد ✋🤔 ترجمة:{في الوقت الذي يتصدر فيه لكاح Moderna ، يبرز الضوء الذي قدمه كبير مسؤوليها الطبيين مؤخراً "لقاحات تحرير الجينات"} مرحبا بكم في عالم البشر الهجين والمغير جينيا. الشياطين تغير خلق الله ستصبحون معدلين وراثيا مثل الذرة و الصويا. https://t.co/peA0OiZ3fV 	 8
arabic/1E_favorite query:@biohussein هذه التقنيات العلمية المختلفةتستخدم حاليا في كبرى مراكز الأبحاث لإنتاج لقاح فعال وآمن ضد COVID19. احدثها هو الذي يعتمد على الحمض النووي DNA/RNA حيث يتم ادخال تسلسل جيني جزئيmRNA يحمل الشفرة الجينية الخاصة لكورونا عليه يساعد خلايا الجسم في تكوين الأجسام المضادة التي تحارب الفيروس https://t.co/ths6CYnNBS 	 0
arabic/1E_favorite query:موقع @EremNews ينفي صحة الفيديو المتداول في مواقع التواصل الاجتماعي والذي يشير إلى تناول ابنة الرئيس الروسي جرعة من لقاح #كورونا الروسي https://t.co/y5xN7bmlBZ 	 7
arabic/1E_favorite query:نيويورك تايمز: السباق العالمي يحتدم لإيجاد لقاح فيروس كورونا #جريدة_الراية | #لأجل_قطر_كلنا_في_البيت https://t.co/oe3NxeubtT 	 7
arabic/1E_favorite query:@CinanQahtan وعي الناس وفهمها لما يدور في العالم مهم وضروري لحماية انفسهم وبلادهم من خطط الأشرار عدلوا #فيروس_كورونا في يوهان الصينيه وخرج منها الى بقيه العالم دون ان يمر بقية الصين اولا ثم حاربوا دواءه الهايدروكسي #كلوركين نشروا الرعب والهلع ثم بقية الخطوات حتى اللقاح https://t.co/0eUo8QcCvF 	 5
arabic/1E_favorite query:اقترب موسم الانفلونزا .. وعادة اللقاحات الخاصة بها تكون جاهزة في سبتمبر شركات الأدوية لم تبتكر حتّى الآن لقاحا مجديا لفيروس #كورونا فبدأ التسويق للقاح الانفلونزا كحاجة ماسة لمنع "الاصابة المزدوجة" هل نصدّقهم؟ أم هي وسيلة جديدة لتحقيق أرباح خياليّة؟ https://t.co/Gzc36GDqBJ 	 10
arabic/1E_favorite query:الNHS و الحكومة البريطانية عايزين أكتر من 100 ألف يتطوعوا للقاح. دي بتكون طريقة تانية عشان الناس تتطعم و اللقاح لسه ما عداش phase 3 يعني زي اللقاح الروسي. بس لأنها مش عايزة تبقى مسؤول أخلاقي و قانونيا بتقول اتطوعوا https://t.co/Ur87gb1qSk 	 0
arabic/1E_favorite query:هذه الصفقة تأتي بعد صفقة مماثلة عقدتها الولايات المتحدة 🇺🇸 مع شركة Novavax بتاريخ ٧ جولاي، تلتزم فيها الشركة بتزويد الحكومة الأمريكية ب ١٠٠ مليون جرعة لقاح #كوفيد_19 بتكلفة ١.٦ مليار دولار أمريكي. #كورونا 	 4
arabic/1E_favorite query:#ترامب يعلن عن شراكة مع «ماكيسون» لتسريع توزيع لقاح محتمل ضد #كورونا • اللقاح في المرحلة الثالثة حالياً.. وهناك الكثير من #اللقاحات في مراحل مختلفة • 100 مليون جرعة ستكون جاهزة قبل نهاية العام و500 مليون جرعة بعد ذلك بوقت قصير https://t.co/cuiaC1ouvW 	 9
arabic/1E_favorite query:الرئيس الروسي: لقاح #كورونا فعال ويشكل مناعة مستقرة.. وابنتي كانت من الأوائل الذين تلقوه https://t.co/X47f8BGoKB #لقاح_كورونا 	 3
arabic/1E_favorite query:مناعة دائمة.. #بوتن يرد على العالم بشأن اللقاح الروسي | #كورونا #كوفيد_19 #Covid_19 #corona https://t.co/WdW8fQUuFw 	 90
arabic/1E_favorite query:#عاجل بوتين يعلن تسجيل أول لقاح ضد كورونا في العالم https://t.co/TwScP9Jpz6 #الغد #كورونا #روسيا #صحة 	 58
arabic/1E_favorite query:#السعودية تحضر لإجراء تجربة سريرية على لقاح لـ #كورونا https://t.co/CToqErjQJx 	 9
arabic/1E_favorite query:روسيا سجلت لقاح "سبوتنيك في" وبدأت انتاجه وتقول إنه يخلق مناعة ضد #كورونا لمدة عامين ورغم الانتقادات ترامب يعلن عن تفاؤله تجاهه #صباح_العربية https://t.co/o6jzfexiqG 	 18
arabic/1E_favorite query:تجارب لقاح ضد فيروس #كورونا الجديد تدخل المرحلة النهائية في العديد من الدول https://t.co/0JDUbDJprj 	 7
arabic/1E_favorite query:انطلاق المرحلة التجريبية لنتائج أكبر دراسة حول لقاح #كورونا في العالم https://t.co/FIOXBY9AXP 	 13
arabic/1E_favorite query:اللهم لك الحمد والشكر تلقيت قبل قليل الجرعة الأولى من لقاح كورونا في مدينة الأمير سلطان الطبية العسكرية أسال الله أن يكون فيها الوقاية والعافية https://t.co/RXR8k7Ralr 	 4
arabic/1E_favorite query:#عاجل   #إيطاليا تبدأ باستخدام علاج فايروس #كورونا، وأنباء عن ثبوت فاعليته. (العربية) 	 1069
arabic/1E_favorite query:رئيس #الفلبين لـ #بوتين: سأجرب اللقاح الروسي ضد #كورونا بنفسي https://t.co/aVYBI0iY2Y https://t.co/gDqNkbOMcM 	 13
arabic/1E_favorite query:#منظمة_الصحة_العالمية هي المسؤولة عن نشر الذعر بين الناس وتصوير #كورونا بأنه نهاية العالم وأنه لايوجد لقاح في المدى المنظور لتبقي الناس في دائرة الإحباط وإنتظار اي نافذة أمل من أجل إستنزاف أموال الدول والأفراد منظمة تدور حولها الكثير من علامات الإستفهام 	 0
arabic/1E_favorite query:أظهر "فاعلية عالية".. #الصحة #السعودية تعلن تجربة سريرية جديدة لـ #لقاح #كورونا الصيني #الصين #بوابة_الأخبار https://t.co/yx8x9stBXY 	 2
arabic/1E_favorite query:برومو | معالي رئيس جامعة الأمير سطام يفتتح مركز لقاح كورونا بالمستشفى الجامعي في #الخرج https://t.co/htlQJaca5d 	 29
arabic/1E_favorite query:A.S: فيروس كورونا: روسيا تعلن انتهاء تجارب لقاح كورونا وتستعد لتطعيم السكان .... https://t.co/NRUalqQRws #كورونا #فيروس_كورونا #كوفيد١٩ #كورونا_مصر #كورونا_السعوديه #coronavirus #COVIDIOTS #COVID19 #CovidVaccineRace 	 1
arabic/1E_favorite query:#عاجل | وزير الصحة: الأردن يتجه لشراء لقاح كورونا الروسي #رؤيا_الاخباري #الاردن #كورونا https://t.co/lRBTPjGWU9 https://t.co/i2nwoSRuPK 	 45
arabic/1E_favorite query:عاجل|| الرئيس الروسي فلاديمير بوتين يعلن تسجيل بلاده أول لقاح في العالم مضاد لفيروس #كورونا 	 214
arabic/1E_favorite query:الحقيقة: لاحظنا استجابة مناعية مرجوة للقاح #كورونا في المرحلة الثالثة من الاختبارات السريرية وتاريخ الفسح سيعتمد على النتائج النهائية للاختبارات. يجب أن نشجع الناس على أخذ لقاح الانفلونزا حتى نتجنب الفوضى في المستشفيات في الشتاء ونستعد دائما للأسوأ إعلامنا: https://t.co/9HWcwFF8vL 	 265
arabic/1E_favorite query:أمير #قطر الشيخ تميم بن حمد آل ثاني يدعم #غزة ب 150 مليون دولار استكمالا لمشاريع الإغاثة والإعاشة، ودعما للقطاع الصحي في مواجهة وباء #كورونا .... (صنائع المعروف تقي مصارع السوء) وبإذن الله “دَفْعِة بَلا” https://t.co/w2eGR4WLPy 	 1789
arabic/1E_favorite query:1.000.000 جرعة لقاح معطاة في #السعودية #عاجل #عكاظ #ان_تكون_اولا #تطبيق_عكاظ https://t.co/xyAuVchvWN https://t.co/9oKABlIHqI 	 114
arabic/1E_favorite query:١-خبر رائع من روسيا. الرئيس بوتين يعلن البدء بعملية التطعيم بلقاح #كورونا الروسي، وإبنته من ضمن مَن تم حقنهم باللقاح. الروس وعدوا وأوفوا. سبق وأن أعلنت روسيا عن إطلاقها لقاح كورونا الذي طوره علماءها يوم غد ١٢ أغسطس الحالي، ولكنهم عجلوه بيوم؛ ربما خشية إعلان مشابه من المنافسين. 	 10
arabic/1E_favorite query:روسيا تسجل أول لقاح ضد فيروس #كورونا المزيد من التفاصيل ضمن اللقاء مع الدكتور/ هادي ياسين-مدير المشاريع البحثية في مركز البحوث الطبية #برنامج_تراحيب #قناة_الريان https://t.co/2qqDnhrWdP 	 14
arabic/1E_favorite query:هل يصنعون مليار جرعة بنهاية عام 2021؟ نظرة على عملية تصنيع وتوزيع لقاح "جونسون آند جونسون" - CNN Arabic https://t.co/F9JVf45s2H 	 1
arabic/1E_favorite query:يحدث الآن في مطار الخرطوم الدولي. (مباشر) #السودان هو أول دولة في منطقة الشرق الأوسط وشمال أفريقيا تتلقى لقاحات #كوفيد_19# كجزء من مبادرة #كوفاكس لضمان الوصول العادل للجميع. يسر اليونيسيف أن تدعم أكبر عملية لشراء اللقاح والإمداد بها. شكراً جزيلا لجميع الشركاء! https://t.co/eG3W0JY3v0 	 937
arabic/1E_favorite query:#هام 🔴 . . لقاح جديد لـ #كورونا والجرعة بـ 15 ريالا؛ حيث أعلنت الحكومة المكسيكية أنها ستنتج لقاحاً محتملاً لفايروس كورونا، طورته جامعة أكسفورد في المكسيك، وحصل على موافقة رقابية؛ فيما قالت رئيسة الشركة إن تكلفة الجرعة ستكون نحو 4 دولارات أي ما يعادل 15 ريالا. . . https://t.co/8bauaNt3g0 	 124
arabic/1E_favorite query:مع التطور الحديث ظهرت تقنيات جديدة لإنشاء أنواع مختلفة من اللقاحات، مثل اللقاحات المعتمدة على نواقل الفيروسات، ولقاحات الحمض النووي. اللقاح الروسي الذي طوره معهد «جاماليا» في موسكو، ويوفر «مناعة مستدامة» ضد فيروس #كورونا؛ وفقاً للرئيس الروسي؛ ينتمي إلى ناقلات الفيروس الغدي https://t.co/8dfBS2HuPy 	 0
arabic/1E_favorite query:تقدمت 20 دولة بطلبات للحصول عليه.. #روسيا تعلن موعد إنتاج اللقاح المضاد لـ #كورونا https://t.co/DpNXff1cPh 	 18
arabic/1E_favorite query:المعهد الذي طوّر لقاح Sputnik V في موسكو، هو من أصدر تقريرا سلبيا بشأنه ============================================= #كورونا #SputnikV https://t.co/Th4f59pRqv 	 6
arabic/1E_favorite query:فيديو | دراسة بريطانية أمريكية: جرعة واحدة فقط من لقاح #كورونا فعالة وآمنة #الإخبارية #كلنا_مسؤول https://t.co/11QKJNyo2K 	 20
arabic/1E_favorite query:#الصين تبدأ تجارب سريرية على لقاح لفيروس #كورونا المستجد الرابط: https://t.co/rnPD0OTR9b https://t.co/bCwiRmywWr 	 4
arabic/1E_favorite query:أعلن الرئيس الروسي، فلاديمير بوتين، اليوم الثلاثاء، تسجيل أول لقاح في العالم مضاد لفيروس #كورونا المستجد. #روسيا #COVID19 #اللقاح_الروسي https://t.co/2em4knWTxO 	 1
arabic/1E_favorite query:كيف صنع و كيف يعمل اللقاح #الروسي ضد #كورونا . https://t.co/0genEtDuIp 	 26
arabic/1E_favorite query:#روسيا تدخل في سباق لقاح فيروس #كورونا وتبدأ في اختباره على الحيوانات وتعلن أنه سيكون جاهزا بعد 11 شهرا. سباق صيني أميركي ألماني فرنسي .. هل سنرى اللقاح قريبا؟ https://t.co/4jUTwxvYEA 	 66
arabic/1E_favorite query:الصين أخفت #كورونا عن العالم لأسابيع، واعتقلت ووبخت الطبيب الذي حذر من الفايروس والآن ترسل خبراءها لنقل تجربة القضاء عليه؟ السمعة التصقت بها أنها مصدر الوباء، لو كاشفت العالم من البداية أفضل من إرسال خبراء لتخفيف عدد الموتى. لا تصلح الصين ما أفسده “كورونا” ! 	 3760
arabic/1E_favorite query:يذكر أن 3 لقاحات تطور لـ #كورونا في الدول الغربية كانت قد بلغت المرحلة الأخيرة في تجاربها السريرية على البشر، وهي: •لقاح لشركة "موديرنا" الأميركية، • لقاح تطوره جامعة "أوكسفورد" البريطانية بالتعاون مع مختبر "أسترا زينيكا" • لقاح تحالف "بايو ان تيك-بفايزر" الألماني - الأميركي. https://t.co/sCfNLbx3pV https://t.co/ISjyfHUb4G 	 8
arabic/1E_favorite query:وزير الصحة الروسي: نخطط لحملة تطعيم شاملة ضد "كوفيد-19" في #روسيا في أكتوبر #كورونا https://t.co/2ZX8uUtCZL 	 8
arabic/1E_favorite query:سُئلت عن اللقاح الروسي، بخصوص #اللقاح #الروسي أو أي لقاح يجب أن يكون آمن وفعّال لكي يُصرح باستخدامه ويتم ذلك عن طريق إجراء الدراسات الإكلينيكية ولم أطلع على دراسات اللقاح الروسي لأني لأعرف هل نشرت أو لا. أعتقد أن اللقاح الفعّال بشكل كبير وأيضا آمن قد يأخذ وقت. https://t.co/LohMJ84miv 	 7
arabic/1E_favorite query:#اضواء_الوطن | بوتين: #روسيا قامت بتطوير أول لقاح لفيروس #كورونا 	 3
arabic/1E_favorite query:الدكتورة منية مخول : اعتمدت دراسة لقاح فيروس كورونا على نموذج حسابي تم تطويره من قبل فريقنا المختص بعلم الوبائيات بجامعة وايل كورنيل وبالتعاون مع الدكتور حسين أيوب من جامعة قطر #المسافة_الاجتماعية #تلفزيون_قطر #لأجل_قطر_كلنا_في_البيت https://t.co/l7v0B8cZ2i 	 17
arabic/1E_favorite query:أهم الاتفاقات التي أبرامها الرئيس الأميركي ترامب لتطوير لقاح #كورونا https://t.co/fvj2xwgZ4F 	 31
arabic/1E_favorite query:الربيعة: من صعب التنبؤ بموعد توفير اللقاح عالميا، وقرار العودة للدراسة يعتمد على تقييم الوضع الصحي. (العربية) https://t.co/cUSfboKRmJ 	 39
arabic/1E_favorite query:مؤشر داو جونز يرتفع بنحو ٩٠٠ نقطة بعد اعلان ان لقاح تطوره شركة موديرنا لمكافحة فيروس كورونا يحقق تقدما. 	 104
arabic/1E_favorite query:عاجل | #روسيا تعلن استكمال اختبارات لقاح مضاد لـ #كورونا بنجاح https://t.co/MXoQxUSEQ1 	 0
arabic/1E_favorite query:عاجل | وزير الصحة ووقاية المجتمع الإماراتي: نشهد تطورًا ملحوظًا خلال المرحلة الثالثة لتجارب لقاح محتمل ضد فيروس كورونا ولم تظهر أي أعراض جانبية على المتطوعين 	 4
arabic/1E_favorite query:#نشرة_الكورونا مع #هزاع_الشرياني 🇱🇧 اللبنانيون بين #كورونا والانفجار 🇦🇪 مسؤولو الصحة بأبوظبي يتلقون الجرعة الـ2 من اللقاح 🇸🇦 استقرار الإصابات في السعودية 🇺🇸 فيسبوك يحذف تسجيلاً لترامب 🇦🇶 إجراءات صارمة لمنع وصول كورونا لأنتاركتيكا 💉 "موديرنا" تعلن سعر لقاح كورونا #شغف_بالمعرفة https://t.co/yy9O658fmR 	 10
arabic/1E_favorite query:#منظمة_الصحة_العالمية تقول انه لا نتوقع انتاج لقاح ضد فيروس #كورونا_الجديد قبل سنة على الاقل. كل عام وانتم بخير 	 0
arabic/1E_favorite query:🚨 قال الباحثون في شركة $AZN أنه تم إيقاف تجربة اللقاح الخاص بمرض COVID-19 بسبب الضغوط السياسية وليس بما ذكرت FDA بأن التقارير ليست كافية.! 🔗 لو نربط الأحداث مع بعضها سنجد قبل أيام ترامب صرح عن منظمة FDA تعطل إنتاج اللقاح .! 💡أتصور بأن $AZN سيكون لها كلمة 👏 https://t.co/NW1j8xBe2f 	 8
arabic/1E_favorite query:#وزيرة_الصحة توقع اتفاقية تعاون مع #الصين لتصنيع لقاحات #كورونا الشهر المقبل https://t.co/XhxggXBi9a 	 26
arabic/1E_favorite query:#بوتين يعلن تطوير أول #لقاح لفيروس #كورونا وإحدى بناته حصلت عليه https://t.co/nOFlrLDykm 	 126
arabic/1E_favorite query:#ترمب: لقاح #كورونا قد يتاح في #أمريكا قبل انتخابات الرئاسة https://t.co/d5C18fP7ho #COVID19 #كورونا #coronavirus https://t.co/K0fPxjVhMK 	 16
arabic/1E_favorite query:رفض الشعب الروسي للقاح لعدم ثقتهم بأمانه. #لقاح_كورونا #تطعيم #كورونا https://t.co/JmQ4x83OF1 https://t.co/Z9XLaqK6O7 	 66
arabic/1E_favorite query:تجارب سريرية حول اللقاح ضد "كورونا" تجمع بين المغرب والصين https://t.co/WqFGTetLOx #covid19 #كورونا_المغرب 	 8
arabic/1E_favorite query:هبوط حاد لأسعار الذهب دون الفي دولار للاونصة واسعار النفط ترتفع بقوة على وقع مؤتمر صحفي للرئيس بوتين والاعلان عن نجاح روسيا في إنتاج لقاح لفايروس #كورونا 👇 👇 👇 https://t.co/aHZdWvkQVo 	 2
arabic/1E_favorite query:#الإمارات تنفذ أول حملة تطعيم ضد #شلل_الأطفال في ظل #كورونا من 20 إلى 26 يوليو ضمن مبادرة الشيخ #محمد_بن_زايد آل نهيان لاستئصال شلل الأطفال.. تعرف على الإجراءات الاحترازية وما هو هدف الحملة #انت_مسؤول #YouAreResponsible @uaeembassyisb @uaeec_ https://t.co/xhruQEil7x 	 3
arabic/1E_favorite query:التجارب السريرية البشرية الفعلية على اللقاح المضاد لفيروس كورونا "صنع في #إيطاليا" بدأت في مستشفى سبالانزاني للأمراض المعدية بالعاصمة الإيطالية #روما #COVID19 #نلتزم_لننتصر #CommitToWin https://t.co/o9X4muhKjO 	 6
arabic/1E_favorite query:📹 أعلن الرئيس الأرجنتيني ألبرتو فرنانديز الأربعاء أنّ #الأرجنتين و #المكسيك ستتولّيان إنتاج اللقاح المستقبلي ضدّ فيروس #كورونا الذي يُطوّره مختبر أسترازينيكا مع جامعة أكسفورد، مشيراً إلى أنّ البلدين سيعملان أيضاً على توزيعه في دول أميركا اللاتينيّة باستثناء #البرازيل. #فرانس_برس https://t.co/pHKYSx3kag 	 22
arabic/1E_favorite query:#ترمب : منظمة الغذاء والدواء تصعب على الشركات إجراء اختبارات اللقاح. #كورونا 	 1
arabic/1E_favorite query:#روسيا تطرح لقاح لفيروس #كورونا خلال الأسبوعين المقبلين https://t.co/Q8WEM3wihg 	 3
arabic/1E_favorite query:ظهر في الآونة الأخيرة تغطيات صحفية وبحثية تشير إلى احتمالية وجود علاقة بين تطعيم الأطفال ضد الدرن والمسمى بBCG و انخفاض معدل وفيات فيروس كورونا خاصة في دول شمال أفريقيا والعالم العربي. ولكن جاءت دراسة سويدية منشورة في MedRxiv تنفي وجود هذه العلاقة. https://t.co/BTJ5VpMzNk 	 0
arabic/1E_favorite query:🔴فعلياً: هناك لقاحات ل #كورونا وصلت مرحلة متقدمة أكثر من اللقاح الروسي، ولم يتم الإعلان عنها‼️ #كوفيد_19 #السعودية 	 21
arabic/1E_favorite query:📌 الوزير الأول يترأس اجتماع لاستكشاف السوق من أجل اقتناء لقاح فيروس كورونا. 🔽🔽🔽🔽 https://t.co/VRcZtaDTuS #Covid_19 #كوفيد_19 #الجزائر https://t.co/qHjlOqvLsc 	 58
arabic/1E_favorite query:#عاجل المفوضية الأوروبية تنبه إلى أن الحصول على لقاح فيروس كورونا يجب أن يكون "متاحا عالميًا" #كورونا #وباء #فيروس_كورونا #اوروبا #امريكا #سانوفي https://t.co/tX8zWvrt38 https://t.co/KFXhvVHWDk 	 14
arabic/1E_favorite query:ابنتي كانت من الأوائل الذين تلقحوا من لقاح كورونا و هذا انتصار عظيم سيكون متوفر قريبا على نطاق واسع حول العالم الرئيس فلاديمر بوتين #كورونا #النخبة https://t.co/tBWNQ6qnla 	 65
arabic/1E_favorite query:قُتل الطبيب جيف برادستريت عندما وجد في دراسته تغيرًا في الحمض النووي الذي لا يمكن حقنه إلا بلقاح في دم مرضاه (١٠٠طفل)المصابين بالتوحد.باستخدام لقاح تغيير الحمض النووي الذي يأتي من سلالات خلايا الجنين المجهضة. فخلص إلى أن ذلك قد يفسر الخلط بين الجنسين ونحو ذلك ولم يتمكن من نشر ها https://t.co/awpIvejaUT 	 120
arabic/1E_favorite query:لقاح أوكسفورد يمضي قدما بتجارب على أعراق وفئات مختلفة ويثبت أنه أكثر اللقاحات الواعدة ضد #كورونا https://t.co/iVnQqzPnwQ 	 51
arabic/1E_favorite query:@wafi2611 @spokesman_moh وعليكم السلام موانع التطعيم للقاحات فايزر و استرازينكا: -من لديه حساسية مفرطة معروفة للقاحين أو أحد مكوناتهما(بعد الجرعة الأولى)ولمن لديه حساسية مفرطة معروفة لأي لقاح أو أي عقار يعطى بالحقن. -يتم تأجيل موعد اللقاح لمن يعاني من ارتفاع درجة الحرارة(38.5 أو أعلى) -الحوامل -الأطفال 	 18
arabic/1E_favorite query:نتائج إيجابية لتجارب لقاح #كورونا وتفش محتمل للفيروس في سجون #مصر الخبر في قصة بـ #إيجاز @Benguennak https://t.co/P5YDDlIbAq 	 244
arabic/1E_favorite query:«#الصحة_العالمية»: المنظمة معنية بضمان وصول لقاح #كورونا للدول الفقيرة https://t.co/mkOtjstDbS 	 6
arabic/1E_favorite query:مسائكم أخبار جميلة عن #كورونا 40 ثانية فقط من صاحب مبادرة تجميع العلماء لإيجاد علاج ضد #كرونا يعلنها على الهواء مباشرة أن فريق كامل من ضمنهم طبيب فرنسي اسمه “راولت” اكتشفوا أن دواء الملاريا هو الذي يعالج #كورونا_الجديد بنسبة 100% وتم تجربته على 40 مريض #ترجمات_عبدالله_الخريّف https://t.co/mX26T7pwkw 	 6437
arabic/1E_favorite query:مخاوف في الولايات المتحدة من لقاح ضد فيروس #كورونا . #بوابة_الأخبار https://t.co/i1FSKKuVlg 	 2
arabic/1E_favorite query:نشرت مجله forbes مقاله متعلقه بالعوامل التي قد تعيق انتاج لقاح كوفيد-١٩.. من هذه العوامل : رفض ٥٠٪ من الشعب الأمريكي للتطعيم.. وقصر مده المناعه المكتسبه من التطعيم قد تصل إلى أقل من سنه.. وبفعاليه تصل ٥٠٪ فقط..https://t.co/ywyKMudgU0 	 41
arabic/1E_favorite query:طارت الطيور بارزاقها : وقعت إيطاليا وألمانيا وفرنسا وهولندا صفقة مع AstraZeneca لقاح أكسفورد 19 المحتمل. تأمين 400 مليون جرعة للمنطقة. https://t.co/jgq75rGRLG 	 2
arabic/1E_favorite query:تجمع عشرات من أولياء الأمور، في #بوسطن عاصمة ولاية ماساتشوستس الأميركية، للاحتجاج على تفويض حاكم الولاية بأن يتلقى الطلاب العائدون إلى المدرسة لقاح الإنفلونزا، في محاولة لتخفيف العبء على نظام الرعاية الصحية خلال تفشي فيروس #كورونا #اندبندنت_عربية_تغنيك 	 25
arabic/1E_favorite query:بن بوزيد : سنستلم مئات الالاف من جرعات #لقاح_كورونا شهر مارس الجاري https://t.co/pjSCKBHg18 https://t.co/xhDLvhXhAv 	 69
arabic/1E_favorite query:جونسون آند جونسون: لقاحات كورونا للأطفال دون 18 عامًا ستكون متاحة على الأرجح بحلول سبتمبر - CNN Arabic https://t.co/e7hADnXlBv 	 1
arabic/1E_favorite query:في سابقة هي الأولى من نوعها.. لقاح #موديرنا أثبت فعالية كبيرة في تحفيز جهاز المناعة وتكوين المضادات في أجسام المتلقين ضد فيروس #كورونا.. 	 253
arabic/1E_favorite query:الصحة العالمية تريد مراجعة التجارب الروسية على لقاح #كورونا للتفاصيل: https://t.co/BUW6FCotiR #نتصدر_المشهد #COVID19 https://t.co/YSg4RLYN4b 	 7
arabic/1E_favorite query:ستطلق روسيا أول لقاح ضد COVID-19 في العالم غدًا 12 أغسطس اكتملت الآن التجارب البشرية لـ Gam-COVID-Vac Lyo - اللقاح المرشح من Gamaleya Scientific Research institute ستبدأ عملية تسجيل اللقاح في وقت مبكر من 10-12 أغسطس و سيُتاح اللقاح بعد ذلك في غضون ثلاثة إلى سبعة أيام من التسجيل https://t.co/dHXIkTjSik 	 20
arabic/1E_favorite query:الصحة تعتمد "صيدليات الدواء" لتقديم لقاحات فيروس #كورونا بفروعها. (الوطن) https://t.co/xcxdpAvWS2 	 438
arabic/1E_favorite query:أصبحت #روسيا الثلاثاء أول دولة توافق على #لقاح لـ #فيروس_كورونا ، وهي خطوة قوبلت بتشكيك دولي وعدم ارتياح لأن الجرعات تمت دراستها فقط على عشرات الأشخاص. وقال #بوتين الرئيس الروسي، إن اللقاح خضع للاختبارات اللازمة وثبت أنه يوفر مناعة دائمة ضد فيروس كورونا. #راديو_الآن https://t.co/0PgzODsi3d 	 93
arabic/1E_favorite query:#لواء_5يونيو | الرئيس ترامب أعرب عن أمله بأن يثبت اللقاح الروسي “سبوتنيك-في” ضد فيروس كورونا والأول في العالم فعاليته، في علاج مرض كوفيد-19. https://t.co/e59KkDd8uu 	 3
arabic/1E_favorite query:وزارة الصحة الروسية تعلن عن بدء إنتاج لقاح مضاد لفيروس #كورونا https://t.co/wZpsMx5Z4X 	 149
arabic/1E_favorite query:أكدت وزارة الصحة العامة على أن ما تم نشره حول توفير تطعيم مجاني ضد فيروس #كورونا #كوفيد_19 ،غير صحيح، ولكن التطعيم المجاني سيكون للأنفلونزا الموسمية. #مرصد_قطر https://t.co/rKGU4mCVMz 	 13
arabic/1E_favorite query:رئيس #الفلبين يعلن استعداده لاختبار #اللقاح الروسي ضد #كورونا على نفسه #فيروس_كورونا #بوابة_الأخبار https://t.co/G65lNYpRJE 	 0
arabic/1E_favorite query:صحة الجوف تطلق مبادرة #تعال_نسجلك، قام من خلالها فريق #التطوع_الصحي بجولات ميدانية بالأسواق، لحث المجتمع ومساعدتهم على التسجيل لأخذ #لقاح_كورونا عبر تطبيق صحتي، وذلك ضمن حملة #الثانية_نوقفها . https://t.co/ulqXt20hgp 	 12
arabic/1E_favorite query:فيديو | الصحة الروسية تعلن بدء إنتاج لقاح "سبوتنيك 5" المضاد لفيروس #كورونا #الإخبارية https://t.co/1uSPKfbpVE 	 29
arabic/1E_favorite query:🔴 🔴 🔴 #عاجل | ثلاثة أيام تفصل العالم عن اول لقاح معتمد لعلاج فيروس #كورونا حيث أعلنت روسيا بإنتهاء تجاربها والموافقة عليه وسيتم تسجيله بعد ثلاث أيام باذن الله #مستشارك_في_الأردن https://t.co/GQIO9QsaBn 	 26
arabic/1E_favorite query:تعتزم روسيا طرح اللقاح الثاني لفيروس #كورونا خلال الأشهر القليلة المقبلة، فهل سيتجنب الآثار الجانبية التي ظهرت مع الأول؟ #جاك_العلم #افهمها_صح https://t.co/OajwTTT2ZS 	 8
arabic/1E_favorite query:في وقت تلهث فيه جميع الدول من أجل الحصول على لقاح مضاد لفيروس #كورونا المستجد، أعلنت روسيا في خطوة غير مسبوقة تسجيل أول لقاح في العالم. فكيف تلقت دول العالم الخبر؟ وما المخاوف العلمية المحيطة باللقاح؟ https://t.co/Q9PPEmzBye 	 24
arabic/1E_favorite query:#المكسيك تساعد في إنتاج لقاح ضد فيروس #كورونا للتفاصيل: https://t.co/T7Fg3SnMRb #نتصدر_المشهد #COVID19 https://t.co/esimRXMOAu 	 6
arabic/1E_favorite query:متطوعي طلاب #كلية_الطب و الكليات الصحية يستمرون في اداء عملهم الرائع في مركز لقاحات #COVID19 ب #جامعة_الملك_سعود #هم_فخرنا https://t.co/k8H2Ny6LVC 	 7
arabic/1E_favorite query:مصادر : لقاح كورونا يصل الى #الكويت مع حلول فصل الربيع أو الصيف 2021 على أبعد تقدير.. لمواجهة أي موجة ثانية محتملة. #الكويت #كورونا https://t.co/IPv0bD5Wq5 	 5
arabic/1E_favorite query:منظمة الصحة العالمية تحصل على بيانات لقاح #كورونا الروسي الجديد https://t.co/Qp4M0sDmew 	 10
arabic/1E_favorite query:دوتيرتي: أنا سعيد جدا لأن روسيا صديقتنا وسوف يعطون لنا لقاح مجانا هذا ما أفكر به مع الرئيس بوتين لمساعدتنا في مكافحة فيروس #COVID19 https://t.co/owzWTclSyi 	 33
arabic/1E_favorite query:فيروس (Hepatitis A / Hepatitis B): عليك الحصول على 3 حقن على مدى 6 أشهر، هذا متاح للأشخاص الذين يحتاجون إلى لقاح HAV و HBV. فيروس الورم الحليمي البشري (HPV): عليك الحصول على 3 حقن على مدى 6 أشهر. المكورات السحائية: لقاح لعلاج التهاب السحايا الجرثومي، حقنتين على مدى شهرين. 	 1
arabic/1E_favorite query:قرار منع التجمعات بكل أشكالها قرار عقلاني ومتزن، هو قرار وسط بين فرض حظر التجول وبين ترك الحبل على غاربه. ومع زيادة وعي المجتمع بالبقاء في المنازل سيكون الأمر كافيًا لتتجاوز قطر هذه الأزمة في أسرع وقت وبأقل كلفة إن شاء الله. 	 232
arabic/1E_favorite query:روسيا تعلن استعدادها لتسليم 50 مليون أوروبي لقاح “سبوتنيك-في” صحيفة #المسار #كورونا https://t.co/bO8gPhoZu0 	 2
arabic/1E_favorite query:خلال استقباله القائمين على التجربة الإماراتية.. رئيس المجلس الأعلى للصحة: مملكة البحرين تشهد اليوم انطلاق إدخال المرحلة الثالثة للتجارب السريرية على لقاح لفيروس كورونا https://t.co/zashAdKEiL #نواصل_بعزم #كلنا_فريق_البحرين https://t.co/WiZPvaiipR 	 14
arabic/1E_favorite query:@alqabas 🔴 أين العقل و العلم في قبول لقاح لن يأخذ المدة الكافية لدراسة الآثار الجانبية و المضاعفات على المدى الطويل؟ 👇🏻 https://t.co/b4xShoYp6N https://t.co/J5huytrtTu 	 20
arabic/1E_favorite query:الصين الدولة الوحيدة التي إنحسر فيها #كورونا بسبب الاجرائات الصارمة أرسلت فريق طبي كبير لمساعدة ايطاليا. في المؤتمر الصحفي بميلانو تحدث الصينيين عن عدة نقاط لازالت تقتل الايطاليين وأهمها التهاون بتطبيق الحجر المنزلي. السعيد من اتعظ بغيره ..  https://t.co/xI65XuFQJv 	 1898
arabic/1E_favorite query:لقاح #كورونا الروسي! إجابة على بعض التساؤلات د. رضا اللواتي #كوفيد_19 https://t.co/KTno3fIo92 	 5
arabic/1E_favorite query:فيديو غرافيك - روسيا تكشف عن أول لقاح ضد #كورونا https://t.co/HF24eZU3Xl https://t.co/8EZ63TmHnX 	 5
arabic/1E_favorite query:شركة موديرنا شحنت الاصدار الثاني من لقاح #كوفيد19 و الذي يغطي طفرة جنوب افريقيا إلى مركز أبحاث اللقاح الأمريكي من أجل القيام بالمرحلة الأولى من التجارب السريرية .. ما راح يهدونكم https://t.co/kf91X5iW7j 	 25
arabic/1E_favorite query:- العالم بعد #كورونا لن يكون كما قبله - تتصرف الدول في الأزمات حسب أولوياتها، في أوروبا وضعوا الاقتصاد أولاً - أولوية السعودية الإنسان، ثم كل شيء بعده - اتضح أن شعارات حقوق الإنسان كانت للاستهلاك الإعلامي لدى دول تصف نفسها بالعالم الأول - لا حل لمواجهة الجائحة إلا بالالتزام.. فقط 	 1261
arabic/1E_favorite query:،يقول بيل ان اللقاح الأولي قد لا يكون كافياً. إنه مخصص فقط للاستجابة للطوارئ ، ويستخدم بشكل أساسي في البلدان المتقدمة. أنا محظوظ لأنني أستطيع إنتاجه بكميات كبيرة في نهاية هذا العام. ستتم الموافقة على العديد من اللقاحات الأخرى في عام 2021. '' https://t.co/ih8FhBEIbN 	 43
arabic/1E_favorite query:رسميا.. #روسيا تسجيل أول لقاح لفيروس #كورونا في العالم الأسبوع المقبل .. • سيبدا في استخدامه لـ كبار السن والعاملين بالمجال الصحي اولاً https://t.co/BW4EYg7VyM 	 3
arabic/1E_favorite query:ترمب: 3 لقاحات وصلت للمرحلة الثالة من الاختبارات.. والعلاج بالبلازما يظهر نتائج مبشرة في مواجهة #كورونا https://t.co/44dmBUs2lf 	 5
arabic/1E_favorite query:https://t.co/qDGl6gctIA ستحصل الولايات المتحدة على لقاح فيروس كورونا بحلول هذا العام 	 2
arabic/1E_favorite query:تطعيم كورونا قد يصبح سنوياً، ويوجد العديد من الدراسات و التوجهات من العلماء لدمج او تضمين تطعيم الإنفلونزا الموسمية مع لقاح كوفيد19 ليصبح بشكل سنوي. 	 5
arabic/1E_favorite query:🚨#عاجل/ الرئيس ترامب يطمئن الشعب الأميركي والعالم 📌"بدأنا في تجربة لقاح لمواجهة #فيروس_كورونا #Covid_19 📌وكذلك يتم تطوير علاجات للتخفيف من الأعراض 📌لكن هذا بحاجة لأبحاث ودراسات ومصادقة عليه من CDC هيئة الدواء والحماية من الأمراض.. https://t.co/d1qJIzCrUl 	 13
arabic/1E_favorite query:رئيس #المكسيك يتوقع أن يكون لقاح #كورونا جاهزا أوائل العام المقبل https://t.co/9EG25w5UYl https://t.co/3SV8QyPPVU 	 5
arabic/1E_favorite query:متحدث #وزارة_الصحة: 📌 انخفاض الإصابات بـ #كورونا نتيجة الالتزام بالبروتوكولات الصحية وانتهاء الجائحة يعني انحسارها بشكل كبير في جميع دول العالم 📌 جائحة #كورونا مستمرة ولا يوجد لقاح مضاد حاليا 📌 لا دراسات علمية تربط بين نوع فصيلة الدم وقوة الإصابة بفيروس كورونا https://t.co/9QzNqYqGra 	 0
arabic/1E_favorite query:ابنة الرئيس الروسي «#فلاديمير_بوتين» تتلقى اللقاح الذي أعلن عنه الرئيس الروسي اليوم كأول لقاح لفيروس #كورونا على مستوى العالم.. https://t.co/U6sKhiTcuR 	 3
arabic/1E_favorite query:تسارع عالمي غير مسبوق لانتاج لقاح للفيروس كوفيد 19 روسيا فجرت مفاجئة باعلان الانتهاء من المراحل الثلاث لتجربة اللقاح بنجاح ، ليكون متاحاً في شهر اكتوبر القادم بحسب وزارة الصحة الروسية ... #خليك_في_البيت #كورونا https://t.co/FojiE66z6S 	 1
arabic/1E_favorite query:#الرئيس بوتين يُعلن عن تطوير و اكتشاف أول لقاح في العالم ضد فيروس كورونا! 🇷🇺#روسيا #كورونا #لقاح_روسيا https://t.co/xTfVvoP4U2 	 5
arabic/1E_favorite query:#عاجل | رئيس وزراء اليابان يعلن تخصيص 800 مليون دولار لدعم مبادرة إنتاج لقاح فيروس كورونا #جريدة_الراية | #لأجل_قطر_كلنا_في_البيت https://t.co/dMPIFPIsib 	 5
arabic/1E_favorite query:نتابع بتفاؤل تطورات لقاح فيروس #كورونا والذي تم تطويره في جامعة #اكسفورد البريطانية ، اليوم الروس يفاجئون العالم بالاعلان عن حملة تطعيمات #كورونا تبدأ في اكتوبر القادم هل فعلا تم التأكد من فعالية وسلامة اللقاح الروسي اكلينيكيا ام هو سباق لقاحات عالمي لمكاسب اقتصادية وإعتبارية؟ https://t.co/NUFQ4uLdee 	 4
arabic/1E_favorite query:العضو المنتدب في شركة بيم كابيتال مهند الأعمى يؤكد ارتفاع جميع #الأسهم بعد ظهور أمل باحتمال اكتشاف لقاح لـ #كورونا .. ويمكن أن يكون هناك مفاجآت خلال الثلاثة أشهر القادمة #الانتخابات_الأميركية #ترمب #الأسواق_العالمية #الأسواق_العربية https://t.co/rLgNyGISRo 	 8
arabic/1E_favorite query:منظمة الصحة العالمية تؤكد أنه قد لا يكون هناك "حل سحري" لمواجهة فيروس كورونا المستجد، رغم المساعي الدولية لتطوير لقاح فعال. #الكاظمي_حل_التراكمي https://t.co/6id1jAM2Rg 	 139
arabic/1E_favorite query:تعرف على موعد طرح اللقاح الروسي اللقاح الجديد الذي يجري التطعيم به سيطرح بنهاية الشهر الجاري وكان المدير العام لصندوق الاستثمار المباشر الروسي قد أكد أن الحكومة تلقت طلبات من 20 دولة لإنتاج شحنات من اللقاح الجديد يصل حجمها الإجمالي إلى مليار جرعة #COVID19 #كورونا #روسيا https://t.co/edSfnrzME9 	 8
arabic/1E_favorite query:فجائحة #كورونا تجبر البشر على الهرب والبحث عن منقذ بغض النظر عن العواقب.. شركة #مودرنا وشركائها تريد استخدام لقاح يحتوي على شريط شفرة وراثي RNA يتم توزيعه داخل خلايا الجسم للتحكم بصنع بروتينات تشابه اجزاء من #فيروس_كورونا كالجزء الشوكي لتقوم خلايا المناعة بصنع اجسام مضادة لها... 	 25
arabic/1E_favorite query:#روسيا: تلقينا طلبات للحصول على أكثر من مليار جرعة من لقاح #فيروس_كورونا https://t.co/hBZfV7f2Vm 	 66
arabic/1E_favorite query:روسيا تسجل أول لقاح في العالم ضد فيروس كورونا، وتعلن بدء إنتاجه الصناعي في سبتمبر، وتداوله مطلع 2021. وبوتين يرد على التخوفات العالمية من سرعة تطوير اللقاح، مؤكدًا: اجتاز الاختبارات كلها، وتم تطعيم ابنتي به. https://t.co/hqZmxwu4Dl 	 14
arabic/1E_favorite query:في بريطانيا ومن مجموعة اكسفورد التي تطور اللقاح عملوا مسح ل ٧٥٠ عائلة ليروا كم من الاطفال تم تعرضهم للمرض،وجدوا ان ٤٪من الاطفال تعرضوا للمرض ٩٠٪من هؤلاء الاطفال لم يظهروا اي اعراض ايضا وجدوا ان الكوفيد١٩ لاينتشر بين الاطفال مثل سرعة انتشار الانفلونزا https://t.co/xL7hvKVHZi 	 24
arabic/1E_favorite query:محكمة لبنانية تلزم وزارة الصحة بإعطاء مسن لقاح كورونا خلال 48 ساعة https://t.co/DkUOiqIKic via @RTarabic 	 6
arabic/1E_favorite query:غرفة صناعة الدواء: #مصر ستشهد طفرة في صنع لقاح لـ #فيروس_كورونا #أعرف_من_البيت 🏠 https://t.co/oF7lbP2Odl 	 2
arabic/1E_favorite query:ابنة الرئيس الروسي بوتين تتلقى #اللقاح_الروسي الذي أعلن عنه بوتين اليوم كأول لقاح لـ #كورونا #كوفيد_19 https://t.co/zwjgjoKqkc 	 93
arabic/1E_favorite query:عاجل.. روسيا تسجل أول #لقاح مضاد لـ #كورونا في #العالم. (سبوتنيك) https://t.co/KnB6sjFI55 	 941
arabic/1E_favorite query:@aldo91r صباحك صحة يُعتبر الأشخاص المصابين بالأمراض الرئوية المزمنة مثل الربو وحساسية الصدر من الفئات المستهدفة لأخذ لقاح فايروس كورونا. عافاكم الله 	 1
arabic/1E_favorite query:رئيس لجنة مواجهة #كورونا يتوقع إنتاج لقاح في مصانع المصل واللقاح المصرية نهاية العام الحالي: الأولوية للمصريين ومن ثم الأفارقة https://t.co/Bup3M6WFs4 https://t.co/Wt6hqLo8eD 	 49
arabic/1E_favorite query:لندن "متأكدة" من تورط موسكو في هجمات إلكترونية لسرقة بحث عن لقاح ضد #كورونا https://t.co/69OEUn8Odb https://t.co/S7hahB2K10 	 1
arabic/1E_favorite query:@m__26f @Alghamdil التطعيم المعني في السعودية هو 💉Ad5 vectored covid-19💉 وهو تطعيم حمض نووي وليس تطعيم معطل، تابع شركة كانسينو. على النحو الآخر هناك تطعيمان لكوفيد-١٩ من الصين وهما فيروسان معطلان 💉كوروونافاك(ساينوفاك) يجرب في البرازيل 💉تطعيم ساينوفارم يجرب في الامارات https://t.co/jy1HNUixKQ 	 21
arabic/1E_favorite query:عاجل | الانتاج الصناعي للقاح الروسي ضد فيروس كورونا سيبدأ في سبتمبر -عشرون دولة طلبت مسبقاً مليار جرعة من اللقاح الروسي ضد الفيروس #روسيا #كورونا https://t.co/mRpRhANPyb https://t.co/qlg3zxNjHM 	 9
arabic/1E_favorite query:هل تختلف مدة تطوير لقاح #فيروس "#كوفيد _19" عن الفيروسات السابقة؟ وما مراحل تطوير #اللقاح؟ #كورونا https://t.co/NWukVM6Pug #مختارات_أرقام https://t.co/XqRxYfxqgM 	 5
arabic/1E_favorite query:السعودية توافق على طلب شركة كانسينو الصينية لإجراء تجربة المرحلة الثالثة و الاخيرة على الاراضي السعودية . سبق و تكلمت السهر الماضي عن نيتهم و اليوم السعودية وافقت 🇨🇳 🇸🇦 #السعودية #كانسينو #لقاح_كورونا #اللقاح https://t.co/iwlqqVU6Sd 	 7
arabic/1E_favorite query:#وزيره_الصحه تعلن المشاركة مع 6 جهات دولية للحصول على لقاحات #كورونا المستجد للتفاصيل.. https://t.co/Tt6nPfL6Jb 	 54
arabic/1E_favorite query:خلي ال بيفتخر انه دكتور ومش بياخد لقاح يشوف! 100 ألف ماتو م الكورونا ف البرازيل- ودي البلاد ال بتعد https://t.co/7xFybTwKwQ 	 6
arabic/1E_favorite query:بيل غايتس يشرح أسباب تفاؤله بالوصول إلى لقاح فعال ينهي معاناة البشر مع #كورونا مع نهاية العام المقبل التفاصيل: https://t.co/5fYz9N9MLy #الشرق #asharqnews https://t.co/IYQhC5W1CP 	 17
arabic/1E_favorite query:🛑 وزير #الصحة الروسي: كل التجارب على اللقاح الروسي اكتملت بنجاح وتستعد روسيا للتجهيز لحملة تطعيم (( جماعية )) ضد #كورونا في شهر #أكتوبر القادم بعدما قامت بعمل جميع التجارب السريرية المطلوبه . وسيكون الأطباء والمعلمين أول من يجري تطعيمهم باللقاح. 	 3
arabic/1E_favorite query:تسجيل اول لقاح ل COVID-19 لقد فعلتها العقول الروسية👏🏻 https://t.co/fbMaB2b3zh 	 6
arabic/1E_favorite query:لِمن يسأل عن التجربة السريرية للقاح فيروس كورونا في المملكة : • اللقاح انتاج صيني تم تجربته في المرحلتين الأولى والثانية • وزارة الصحة تشارك في المرحلة الثالثة من التجربة • تعتمد مدة التجربة السريرية ونتائجها على عدد المتطوعين 	 2
arabic/1E_favorite query:⭕أعلن الرئيس الروسي #بوتين عن تسجيل اول لقاح ضد فيروس #كورونا في العالم و اضاف بوتين ان التقرير الذي قدمه وزير الصحة(ميخائيل موراشكو) اللقاح يعمل بشكل فعال للغاية و يشمل مناعة مستقرة و اجتاز جميع الاختبارات كما قال بوتين أن احدى بناته تم تطعبمها باللقاح ، #coronavirus https://t.co/aTUtME8VeJ 	 5
arabic/1E_favorite query:#فيديو | متداول لـ ابنة الرئيس الروسي فلاديمير #بوتين تتلقى اللقاح المضاد لفيروس #كورونا الذي اعلنت عنه #روسيا اليوم #لقاح_كورونا https://t.co/HJ2QXCob5C 	 8
arabic/1E_favorite query:الصحة الروسية: #موسكو بدأت إنتاج لقاح لـ #كورونا #عكاظ #ان_تكون_اولا #تطبيق_عكاظ https://t.co/VD55AtKbWM 	 5
arabic/1E_favorite query:روسيا تستعد لحملة تطعيم جماعي ضد فيروس كورونا في أكتوبر https://t.co/iqrgF9AigI 	 44
arabic/1E_favorite query:أكبر عشر شركات الأدوية في العالم،، تفوق قيمتها السوقية مجتمعه ترليون ونص دولار 💵 .. ٥ امريكية و ٥ اوروبية.. والغير مستغرب جميع الشركات تبحث بالفوز عن لقاح #كورونا لرفع من قيمتها السوقية و مضاعفة ارباحها.. https://t.co/jobZz8vMZW 	 6
arabic/1E_favorite query:#التطعيمات_باقية_وتتمدد الدول التى تطعم أسرع سوف تفتح! العداد العالمي التطعيمات! تعدينا 275 مليون شخص أخذ تطعيم #كورونا أسرع تطعيم في العالم! عندما ينتصر العلم على #كذابين_كورونا شكراً لكل العلماء والاطباء شكراً #بيل_جيتس أنقذتم حياة أكثر من 5 ملايين على الاقل الى الان! https://t.co/zNLz3mYG3M 	 37
arabic/1E_favorite query:لقاح #موديرنا .. تجارب على قردة  أظهرت استجابة مناعية قوية ووفرت حماية من الإصابة بفيروس #كورونا https://t.co/fnI4afTOYv #العربية 	 14
arabic/1E_favorite query:#حماية_الملكية_الفكرية و #براءات_الإختراع ليسا فقط عائقين أمام الإبداع العلمى بل أيضاً السبب الرئيس فى تأخير وصول لقاحات كورونا لمستحقيها. 	 13
arabic/1E_favorite query:#الجزائر .. عودة وشيكة للدراسة وسط مخاوف وترقب اللقاح (تقرير). https://t.co/UJIN1piiGJ #كورونا #بوابة_الأخبار 	 2
arabic/1E_favorite query:الغرب يطالب بالبيانات.. و #موسكو ترد بإعلان حصانة «ابنة الرئيس»! «لقاح #بوتين».. فوز «مشكوك فيه» بـ «الماراثون» #عكاظ #ان_تكون_اولا #تطبيق_عكاظ #كورونا #corona https://t.co/HT6487vvBH 	 8
arabic/1E_favorite query:أول دولة تنتج لقاح #كورونا.. وتوزعه مجانا على سكانها #عاجل #عكاظ #ان_تكون_اولا #تطبيق_عكاظ #كورونا #corona https://t.co/P5SOiPQXKP 	 12
arabic/1E_favorite query:بوتين: #روسيا قامت بتطوير أول لقاح لـ فايروس #كورونا #عكاظ #ان_تكون_اولا #تطبيق_عكاظ #corona #Covid_19 https://t.co/VD55AtKbWM https://t.co/Vccey795fF 	 8
arabic/1E_favorite query:ليكون جاهزا في الأسواق العام المقبل.. شركات صينية تتسابق للوصول إلى لقاح ضد فيروس #كورونا | شيماء جو إي إي | الجزيرة | بيجين #الأخبار https://t.co/tfwG13JRVz 	 80
arabic/1E_favorite query:#الصحة_العالمية: لقاح جامعة أوكسفورد البريطانية لـ #كورونا أثبت فعاليته. #سيدات_تبوك https://t.co/R7eVTjynA8 	 5
arabic/1E_favorite query:تقوم الصين ومنذ شهر يوليو الماضي بإعطاء لقاح كورونا لعاملين أساسيين لديها تحت بند 'الاستخدام الطارئ'، فيما بدا كأول إقرار من الصين على استعمالها للقاح خارج نطاق التجارب السريرية.. فهل عدم قدرة الشخص على رفض اللقاح تجعل منه "متطوعاً"..؟! . https://t.co/qLE170o0ny 	 10
arabic/1E_favorite query:#عاجل | رئيس وزراء اليابان يعلن تخصيص 800 مليون دولار لدعم مبادرة إنتاج لقاح فيروس كورونا #جريدة_الراية | #لأجل_قطر_كلنا_في_البيت https://t.co/dMPIFPIsib 	 5
arabic/1E_favorite query:أهالي #طنجة في الشمال المغربي يرتقون أسطح بيوتهم يجأرون إلى الله بالتكبير والتهليل والدعاء عسى الله أن يرفع الوباء ويزيل الغمة   #كورونا  #المغرب https://t.co/FbOuUVeIQX 	 12053
arabic/1E_favorite query:إتفاق بين "فاكسيرا" وشركة صينية لتصنيع لقاح #كورونا بتعاون مشترك داخل #مصر مطلع سبتمبر https://t.co/5iw1v4qGxK 	 14
arabic/1E_favorite query:أعلن الرئيس الروسي فلاديمير #بوتين أن العلماء الروس حققوا انفراجة في سباق اللقاحات العالمي ل #فيروس_كورونا #كوفيد_19. أنقل لكم تحت هذي التغريدة وصف اللقاح والمراحل التي مر بها. المصدر : صحيفة #موسكو تايمز themoscowtimes https://t.co/cPtraXy9K7 	 16
arabic/1E_favorite query:البيت الأبيض يتعاقد للحصول على 100 مليون جرعة من لقاح #كورونا #أخبار_حياة 	 2
arabic/1E_favorite query:خبر سار 🗣️ فعلها القيصر اول لقاح في العالم ضد فيروس كورونا 😍👇👇👇👇👇😍 https://t.co/No7xRXNhdp 	 189
arabic/1E_favorite query:#عكاظ ترصد أحدث الدراسات العلمية وتطورات «ماراثون اللقاح» (2 من 2) دواء «العجز الجنسي».. معجزة ! #كورونا @OKAZ_online https://t.co/UDhczBryMk 	 4
arabic/1E_favorite query:بدء تجربة سريرية على لقاح تجريبي ألماني صيني ضد فيروس كورونا المستجد #كورونا #الصين #المانيا https://t.co/rgzjhvNm7P 	 11
arabic/1E_favorite query:«#كامبريدج» تعمل على لقاح «من غير وخز» #عكاظ #ان_تكون_اولا #تطبيق_عكاظ #كورونا #corona https://t.co/xrpBvLRRLU 	 8
arabic/1E_favorite query:`` كورونا كذبة ، والحكومات تحاول تطعيم الجميع بسبب وباء مزيف ، وليس مرة واحدة فقط ، ولكن عدة مرات ، والتي يجب أن تقاوم هذا الاستبداد ''. الهدف النهائي هو تلقيح البشر جميعا.الشياطين لا تعطي شي مجانا . https://t.co/zbPs88ePW3 	 34
arabic/1E_favorite query:مسؤولون روسيون: الولايات المتحدة الأمريكية رفضت عرضاً روسياً للتعاون بشأن لقاح فيروس كورونا https://t.co/zHRXHFwkZV 	 16
arabic/1E_favorite query:ماذا وراء #الإسراف في إنتاج لقاحات فيروس #كورونا؟ • يتم تطوير 150 لقاحاً.. والدول الغنية #تهيمن على عمليات الإنتاج والبيع • الحكومات دفعت 10 مليارات دولار.. واشترت 4 مليارات جرعة • #قومية_اللقاح شبح يطارد دول العالم الثالث.. في ظل تزايد عدد الإصابات https://t.co/IW4RJ4rzLQ 	 8
arabic/1E_favorite query:روسيا والبرازيل تتفقان على إنتاج لقاح مضاد لفيروس #كورونا للتفاصيل: https://t.co/R7o6mLbaR8 #نتصدر_المشهد #COVID19 https://t.co/7Hp9vaiBw2 	 9
arabic/1E_favorite query:مناعة دائمة.. #بوتن يرد على العالم بشأن اللقاح الروسي | #كورونا #كوفيد_19 #Covid_19 #corona https://t.co/WdW8fQUuFw 	 90
arabic/1E_favorite query:ميركل: لن تعود الأمور إلى طبيعتها قبل التوصل إلى لقاح لـ #كورونا #عكاظ #ان_تكون_اولا #تطبيق_عكاظ https://t.co/VD55AtKbWM 	 3
arabic/1E_favorite query:باحثون في جامعة #أوكسفورد: لقاح فعال لـ #كورونا قد يصبح متوفراً بحلول سبتمبر https://t.co/FjbY8vIzEM 	 215
arabic/1E_favorite query:اخر اخبار اللقاحات حسب بلومبيرغ ورويترز: -ادارة الرئيس ترمب تكثف وتعجل جهود انتاج لقاح مضاد ل #فيروس_كورونا بحيث تتوافر ١٠٠ مليون جرعة منه بحلول نهاية هذا العام، و٣٠٠مليون جرعة يناير المقبل. -جامعة اكسفورد اللندنية تعمل على تطوير لقاح مضاد يبدو واعدا، ليكون متوافرا سبتمبر/ايلول. 	 229
arabic/1E_favorite query:د عبداللطيف الخال مع تسلم شحنات التطعيم بشكل منتظم اكثر من ذي قبل ومع توافر لقاح مودرنا بالإضافة الى لقاح فايزر ، فإن ذلك يعني أنه بات بمقدورنا الآن توسيع نطاق برنامج التطعيم بشكل اكبر بحيث يشمل فئات عمرية اصغر  وفقاً للخطة الاستراتيجية لوزارة الصحة العامة للتطعيم ضد كوفيد-19” https://t.co/FK9JpWJ5hu 	 8
arabic/1E_favorite query:كيف يمكن أن نُصدق أن #كورونا مجرد وباء طبيعي كسائر الأوبئة التي فتكت بالبشرية كالطاعون وسواه بينما تدّعي دول وحكومات أن هنالك الكثير سيفقدون أحبائهم وأنه من الصعب إيجاد لقاح له في الوقت الراهن ! الموضوع أكبر من #الصين بمراحل .. واليد الصهيوأميركية ضالعة حتى النخاع بهذه المؤامرة. 	 33
arabic/1E_favorite query:#ادعم_المنتج_المصري. أعلنت وزيرة الصحة والسكان الدكتورة هالة زايد، أن مصر ستحصل مع 6 جهات دولية على لقاحات فيروس كورونا التي وصلت للمرحلة الثالثة من التجارب السريرية، مؤكدة جاهزية القاهرة لإنتاجها فور إقرارها علميًا. 	 10
arabic/1E_favorite query:قدمت دولة الامارات 7965 جرعة جديدة من لقاح كورونا و جارى انتاج المزيد من الجرعات التطعيمية لتوزيعها على كل الشعوب العربية لمكافحة الفيروس. https://t.co/U9thvEf7AH 	 35
arabic/1E_favorite query:الإعلان عن اسم أول لقاح روسي ضد #كورونا وسبب "التسمية". https://t.co/5xetJwMEzj #لقاح_كورونا #بوابة_الأخبار 	 2
arabic/1E_favorite query:معظم البلدان وقعت لشركة AstraZeneca على إعفاء من تحمل المسؤولية عن #أضرار_التطعيم، التي قد يتسبب بها لقاح #كورونا القادم. هل بلدك على قائمة الموقعين 📝؟ إن سياسة إعفاء شركات اللقاحات من المحاسبة لم ولن يخدم الصالح العام. https://t.co/HIgY7qfrEz 	 148
arabic/1E_favorite query:فيديو | استشاري مكافحة الأمراض المعدية: لقاح #كورونا له دور فعال في مكافحة الوباء ويحد من انتشاره #برنامج_اليوم https://t.co/RgtzKIh3Di 	 26
arabic/1E_favorite query:بشرى سارة وخطوة مهمة أخرى في طريق إسرائيل لتطوير لقاح ضد فيروس #كورونا من المعهد البيولوجي الإسرائيلي حيث أعلن وزير الدفاع قبل قليل ان #إسرائيل تستعد لاجراء تجارب #لقاح_كورونا على البشر قريبًا جدًا بعد أن أظهرت التجارب التي أجراها المعهد على الحيوانات نتائج إيجابية. https://t.co/DdAhSlzzSB 	 129
arabic/1E_favorite query:متحدث #الصحة: نعمل على توفير أي لقاح لكورونا يثبت اعتماده ويكون فعالاً ومأموناً https://t.co/zcq3KJUGHd #كورونا #وزارة_الصحة https://t.co/ufY173tUPU 	 3
arabic/1E_favorite query:الصحة الروسية: إنتاج أول لقاح ضد #كورونا سيبدأ فى موقعين خلال سبتمبر المقبل #روسيا #Covid19 https://t.co/IAcLWaPkQh 	 26
arabic/1E_favorite query:وقد أعلنت وزارة الصحة العامة أن أكثر من 60 في المائة من الأشخاص الذين تزيد أعمارهم عن 70 عاماً في دولة قطر قد تلقوا جرعة واحدة على الأقل من لقاح كوفيد-19 حتى الآن وذلك منذ بدء البرنامج الوطني للتطعيم ضد كوفيد-19 في دولة قطر. 	 1
arabic/1E_favorite query:هذه الأفعال الارهابية ليس جديدة علي دولة الارهاب #قطر التي تبذل كل جهدها في نقل فيروس كورونا الي كل العالم #COVIDー19 https://t.co/p6fO1YoSHF 	 0
arabic/1E_favorite query:كسر - الآلاف من المتظاهرين المناهضين لـ COVID19 في مظاهرات في برلين عاصمة ألمانيا بسيرهم دون أقنعة و تباعد اجتماعي وهاتحصل نفس المظاهرات دي وأكثر ضد اللقاح الإجباري بتاع الشيطان بيل جيتس https://t.co/sO75sgIQVG 	 9
arabic/1E_favorite query:رئيس الأكاديمية الطبية الدولية في موسكو أسعد مطر: روسيا لا تمانع في وصول لقاح #كورونا إلى كل دول العالم.. والإنتاج سيوزع في الداخل أولا #العربية https://t.co/3i5rxB37b7 	 22
arabic/1E_favorite query:صحة ينبع تدشن خدمة التطعيم ضد فيروس كورونا داخل السيارة في مركز لقاحات كورونا في مركز السميري في #ينبع البحر. https://t.co/AUd3unyxKc 	 13
arabic/1E_favorite query:@TariqAldowaisan 🔴 لقاحات من المرجح أنها ستنزل السوق خلال ١٨ شهر أو أقل من بداية كل مراحل التجارب السريرية لن يكتمل فيها تتعب المشاركين لمدة سنوات لمعرفة عما إذا كان هناك مضاعفات 🔴 بالتحديد هذا ما ذكره جوكر الصحة العامة و الممول الأول لمنظمة الصحة غيتس 👇🏻 https://t.co/b4xShoYp6N https://t.co/J5huytrtTu 	 1
arabic/1E_favorite query:«الصحة العالمية»: لم نتلق المعلومات الكاملة بشأن لقاح #روسيا ضد فيروس #كورونا لذا لا يمكننا تقييمه حالياً 	 1
arabic/1E_favorite query:📌| تجاوزت الجرعات المعطاة لـ #لقاح_كورونا في #السعودية ( المليون جرعة ). - خلال الـ 24 ساعة الأخيرة بلغ عدد الجرعات المعطاة أكثر من 118 ألف جرعة في مختلف المناطق . -بحمدالله... وتيرة التطعيم تزداد بشكل متسارع ، نسأل الله التوفيق لهذه الجهود المباركة بهذا الوطن العظيم 🇸🇦 https://t.co/Mj9TMQQwJo 	 103
arabic/1E_favorite query:#دبي_للسياحة تُشرف على #تطعيم موظفي كافة فنادق النخلة #جميرا https://t.co/oohRgPFO9K #البيان_القارئ_دائما 	 1
arabic/1E_favorite query:عاجل | روسيا تعلن أن لقاح فيروس كورونا الذي بدأت إنتاجه سيطرح بنهاية الشهر الجاري 	 35
arabic/1E_favorite query:شركة AstraZeneca ستقوم بتوفير 30 مليون جرعة من لقاح #كورونا [البريطاني] بحلول سبتمبر كجزء من اتفاق بشأن انتاج أكثر من 100 مليون جرعة. ننتظر استكمال التجارب السريرية على لقاح أكسفورد والأمور مشجعة. https://t.co/rBBjEtc6Ei Sent via @updayUK 	 0
arabic/1E_favorite query:وأوضح فيتالي زفيريف الأستاذ ورئيس مختبر في معهد ميتشنيكوف للأبحاث أنه من المبكر جداً التصديق على لقاح لم يخضع للتجارب بما فيه الكفاية للتأكد من سلامته #كورونا #اندبندنت_عربية_تغنيك https://t.co/rBjPzFbNv4 	 12
arabic/1E_favorite query:روسيا تعلن أن أول المستفيدين من لقاح #كورونا الجديد هم الكوادر الطبية. https://t.co/9FySjMzws7 	 33
arabic/1E_favorite query:معلومة مهمة  هؤلاء الأشخاص لا يمكن تطعيمهم بلقاح فيروس كورونا وهناك أشخاص يتم تأجيل تطعيمهم و هم النساء الحوامل،والمصاب حالياً،والمصاب سابقاً قبل 6 أشهر كحد أدنى،والذي يعاني من ارتفاع درجة الحرارة،والذين تلقوا لقاحات أخرى غير لقاح كورونا يجب مرور 3 أشهر قبل اعطائهم لقاح منقول https://t.co/U424iLeZht 	 36
arabic/1E_favorite query:هذه حقيقة علينا التعامل معها: الأمم الغنية ستحصل على اللقاح أولا !! ولذلك أدرج خبراء الاقتصاد الأمن الدوائي ضمن مكونات الأمن الاقتصادي..فهل نعي دروس كورونا الكثيرة. https://t.co/JYw6yxxQKd 	 33
arabic/1E_favorite query:حقائق علمية عن التطعيم📃 1️⃣ هل التطعيم يحميني من كورونا ؟ -نعم 2️⃣ هل فحص الكوفيد يكون ايجابي بعد التطعيم ؟ -لا 3️⃣ هل يتعارض التطعيم مع الحمل مستقبلا؟ -لا 4️⃣ اذا كنت مصاب بكوفيد هل استطيع ان أتطعم بعد التشافي؟ -نعم 5️⃣ هل التطعيم يغير من التركيبات الجينية لدي؟ -لا #تطعيم_كورونا 	 17
arabic/1E_favorite query:وافقت الصين على إجراء تجارب بشرية على #لقاح مرشح جديد لمرض فيروس كورونا الجديد (كوفيد-19)، والذي تم إنتاجه باستخدام خلايا حشرات. وتم إصدار لقاح البروتين المؤتلف من خلال تصريح بحث سريري من مصلحة الدولة للمنتجات الطبية، حسبما ذكر مطور اللقاح، مستشفى غرب الصين بجامعة سيتشوان مؤخرا. https://t.co/1pX0fuu1lZ 	 17
arabic/1E_favorite query:برومو | معالي رئيس جامعة الأمير سطام يفتتح مركز لقاح كورونا بالمستشفى الجامعي في #الخرج https://t.co/htlQJaca5d 	 29
arabic/1E_favorite query:و لله الحمد 🤲 🔴 الإعلان 🔴 بشكل رسمي عن أول لقاح مضاد لـ #كورونا في العالم من رئيس #روسيا 👍فلاديمير بوتين والأسواق العالمية تتفاعل إيجابيآ 💚 #تاسي #الاخبار_الحلوه https://t.co/gaqlnEVTd1 	 3
arabic/1E_favorite query:الNHS و الحكومة البريطانية عايزين أكتر من 100 ألف يتطوعوا للقاح. دي بتكون طريقة تانية عشان الناس تتطعم و اللقاح لسه ما عداش phase 3 يعني زي اللقاح الروسي. بس لأنها مش عايزة تبقى مسؤول أخلاقي و قانونيا بتقول اتطوعوا https://t.co/Ur87gb1qSk 	 0
arabic/1E_favorite query:#نديب_قطر في جولة تفقدية لأحد المرافق الطبية التي أعلنت سعادة المتحدث الرسمي للجنة العليا لإدارة الأزمات عن افتتاحها في منطقة أم صلال ويتسع هذا المجمع لأكثر من 4000 شخص  #كورونا #سلامتك_هي_سلامتي https://t.co/mp0twJAXaL 	 222
arabic/1E_favorite query:#بوتين يعلن رسميا عن تسجيل أول لقاح ضد #فيروس_كورونا فى العالم https://t.co/FMUxzONV48 	 236
arabic/1E_favorite query:لن يسجّل التاريخ أنك حاتم الطائي إذا أقمت وليمة وسط أزمة #كورونا...  تعليق العمرة إيقاف الجمعة والجماعة في المساجد تأجيل جلسات مجلس الوزراء أسبوعين  إغلاق الأجواء والمنافذ والرحلات الداخلية.  من أنت أمام كل هذا لتكسر قيود التحذيرات وتخرج؟ لن يعرفك العالم بكرمك وعاداتك، بل بأذاك. 	 5125
arabic/1E_favorite query:الرئيس الروسي #فلاديمير #بوتين يعلن تسجيل أول لقاح في العالم ضد فيروس #كورونا #روسيا #أمريكا #تركيا #اليونان #العراق #ليبيا #تونس #مصر #الجزائر #المغرب #السودان #اليمن #قطر #لبنان #السكويت #السعودية #Russia #Turkey #Greece #USA #France #Spain #Italia https://t.co/PQfg7jL6xL 	 4
arabic/1E_favorite query:تستخدم مجموعة جديدة من اختبارات COVID-19 قيد التطوير نفس التقنية المستخدمة في اختبارات الحمل في المنزل. يقول بعض الخبراء إنه إذا تم نشرها على نطاق واسع وبشكل متكرر ، فيمكنها تغيير مسار الوباء ، حتى قبل أن يكون هناك لقاح. https://t.co/s8F41UH9j6 المصدر : webMD https://t.co/fWI9yxA58S 	 6
arabic/1E_favorite query:#عاجل_السعودية | مدير جامعة الملك عبدالعزيز د. عبدالرحمن اليوبي عبر منصة برنامج #كلنا_مسؤول: مركز الملك فهد للبحوث الطبية في الجامعة طوروا لقاح لفايروس #كورونا عام 2012م وقريبًا سيوزع في الأسواق، وبالنسبة لـ فايروس #كورونا المستجد تم عزل الفايروس تمهيدًا لتطوير لقاح له. https://t.co/KeFxCkiMCY 	 1529
arabic/1E_favorite query:في مدينة قونيا في تركيا وضعت المواد الغذائية فى الشارع وبامكان المحتاج ان ياخذ ما يريد دون ان يراه احد او يلاحقه التصوير سنّة حسنة لا تحرج الفقير أو المحتاج و يتخفى وراءها الغنى وتعلى قيمة التكافل فى المجتمعات فهذا وقت التكافل وليس الأنانية #فيروس_كورونا https://t.co/LUe2Q0o2jd 	 11751
arabic/1E_favorite query:#ماكرون: احتمالات معقولة للتوصل إلى لقاح لفيروس #كورونا في الأشهر المقبلة https://t.co/jd53JpQyq4 #العربية 	 29
arabic/1E_favorite query:أعلن الرئيس الروسي فلاديمير بوتين رسمياً عن تسجيل بلاده أول لقاح ضد فيروس #كورونا المستجد في العالم #عاصمة_الربيع https://t.co/KolkbUGa17 	 0
arabic/1E_favorite query:🟠 الصين تحدد سعر لقاح فيروس كورونا بنحو (144 دولارًا) لجرعتين. (العُمانية) https://t.co/ObnG7j8L1G 	 272
arabic/1E_favorite query:وفي مجال توفير اللقاح الخاص بفيروس كورونا تبين انه يوجد تنسيق مستمر للوزارة مع منظمة التحالف العالمي للقاحات والتحصين للحصول على 700 الف جرعة لقاح فيروس كورونا وتسعى السلطنة للمشاركة في تطوير الأبحاث المتعلقة بهذا اللقاح مما سيضمن لها حق الأولوية للحصول عليه فور تصنيعه 	 11
arabic/1E_favorite query:#الصين تفجر مفاجأة.. "بدأنا استخدام لقاح ضد كوفيد 19" https://t.co/JZRq4WMzkD #البوابة #كورونا 	 1
arabic/1E_favorite query:ولدي نايف قطع رحلة علاجه في بريطانيا ورجع إلى الدوحة إلى الحجر في إحدى الفنادق ثم طرأت بعض الأعراض التي استدعت القائمين على الصحة أخذه للمستشفى للتأكد من سلامته من وباء #كورونا وفي انتظار النتائج أشكر دولتنا الحبيبة #قطر على رعايتهم اللامحدوده لولدي  وهذه رسالة منه لكم دعواتكم🤲🏻 https://t.co/NPVtQoKEQF 	 1542
arabic/1E_favorite query:شوارع #قطر .. تنظيف وتعقيم .. جهود لا تتوقف ليل نهار لمكافحة #كورونا .. فكونوا معهم داعمين للوقوف معاً لمنع تفشي هذا الفايروس .. #لأجل_قطر_كلنا_في_البيت #سلامتك_هي_سلامتي #الزم_بيتك https://t.co/pyuULJesrn 	 2950
arabic/1E_favorite query:الموقع الإلكتروني الخاص بأول لقاح في العالم ضد فايروس #كورونا يُسجل زيارات ضخمة بأكثر من 188 دولة حول العالم خلال يوم واحد من إعلان روسيا عن إقرار استخدام هذا اللقاح على البشر. الموقع يحمل اسم sputnikvaccine ويضم 7 لغات مختلفة منها العربية.. https://t.co/4eEAlJFIum 	 102
arabic/1E_favorite query:- تجاوز حصيلة وفيات كورونا في #الهند 50 ألفاً - #الصين تمنح أول براءة اختراع للقاح كورونا لشركة كانسينو - #بريطانيا تشجع الفئات المعرضة للخطر على التطوع لتجارب لقاح #كورونا تابعونا مع آخر التطورات https://t.co/E4eQYFh1WE 	 34
arabic/1E_favorite query:#روسيا تعلن عن التوصل إلى اللقاح المنشود لعلاج #كورونا وشكوك من منظمة الصحة العالمية ودول عربية حول جدواه https://t.co/DKOAStlHdR 	 10
arabic/1E_favorite query:#روسيا تبدأ إنتاج لقاح "كوفيد-19" https://t.co/hKZWuSfDOb #COVID19 #coronavirus https://t.co/UkWIqk2cK3 	 15
arabic/1E_favorite query:جامعة اكسفورد تجمع 50000£ من نشاطات شعبية لغرض لتطوير لقاح كورونا والمنظمة العالمية تاخذ الأموال من أجل أن تنصح العالم لغسل يده وتخبرالعالم ببقاء الفايروس للابد https://t.co/GyFe0ZJ2uI 	 2
arabic/1E_favorite query:تسجيل لقاح بدون المرور بالمرحلة الثالثة من التجارب على البشر https://t.co/Jm8mSo9pIa 	 57
arabic/1E_favorite query:لقاح أكسفورد التاجي أظهر نتائج واعدة https://t.co/H4HbhkaFgi 	 5
arabic/1E_favorite query:وزير الصحة #الروسي : البدء باستخدام اللقاح ضد فيروس كورونا الشهر الجاري. 🔵كن أول من يصله الخبر بدقة ومصداقية .. اشترك الآن في قناة شبكة الإعلام العراقي الموثقة على منصة التليگرام https://t.co/zB1Q0C6ghd… #شبكة_الإعلام_العراقي #مديرية_الإعلام_الالكتروني https://t.co/xJeTaNmZnU 	 20
arabic/1E_favorite query:#روسيا تسجل أول #لقاح مضاد لـ #فيروس_كورونا في العالم بعد أن تسبب الوباء في إصابة أكثر من 20 مليون شخص وفقا لبيانات جامعة #جون_هوبكنز الأمريكية #كوفيد_19 https://t.co/vKhaJa1F4O 	 0
arabic/1E_favorite query:بوتين يقول إن روسيا أصبحت أول دولة في العالم تسجل لقاح COVID-19 	 5
arabic/1E_favorite query:#شاهد #فيديو الإعلان عن أول لقاح مضاد ل #كورونا في العالم، وقد أتى من #روسيا...#بوتين والروبل الروسي ومعها البورصة الروسية شهدت ارتفاع كبير قبل قليل. الرئيس الروسي تأخذ لقاح كورونا الذي أثبت فعاليته حسب كلام الروس. https://t.co/brAUt8QXHu 	 9
arabic/1E_favorite query:6 لقاحات لـ #كورونا وصلت إلى الخط النهائي #العربية https://t.co/jvAvr69lsI 	 40
arabic/1E_favorite query:سينوفارم الصينية تبدأ المرحلة الثالثة من تجربة #لقاح لـ #كوفيد_19 في #البحرين #الصين #فيروس_كورونا #كورونا #لقاح_كورونا #بوابة_الأخبار https://t.co/ASJsIYBKYW 	 1
arabic/1E_favorite query:ㅤㅤ عاجل 🔴 روسيا تعلن رسمياً : الانتاج الصناعي للقاح الروسي الجديد ضد فيروس كورونا سيبدأ في شهر سبتمبر المقبل .. ولدينا طلبات من 20 دولة لشراء مليار جرعة من هذا اللقاح ㅤㅤ https://t.co/eGOB3LcTdi 	 1
arabic/1E_favorite query:شركة مودرنا تكشف عن سعر جرعة لقاح #كورونا https://t.co/gvd3MFlURd https://t.co/160nucnuge 	 1
arabic/1E_favorite query:جهود متواصلة في #أبوظبي للتوصل إلى لقاح ضد فيروس #كورونا https://t.co/aQ6G7YIUFW 	 53
arabic/1E_favorite query:#عاجل.. - بوتين يعلن موافقة وزارة الصحة الروسية على اللقاح الروسي لـ #كورونا - الرئيس الروسي يعلن أن ابنته أخذت لقاح كورونا الروسي - بوتين: روسيا تبدأ قريبا إنتاج لقاح كورونا على مستوى واسع #نتصدر_المشهد #COVID19 https://t.co/t51iGXtrWe 	 36
arabic/1E_favorite query:أميركا تختار 5 شركات لإنتاج لقاح #كورونا • ليكون جاهزاً بحلول نهاية العام • دراسة: التنفّس والتحدّث أكبر مسببات عدوى #الفيروس • «الصحة العالمية» تستأنف تجارب #هيدروكسي_كلوروكين https://t.co/KhFPEg7Ics 	 7
arabic/1E_favorite query:متحدثة التعليم:  اختبارات نهاية العام الدراسي في موعدها في شهر رمضان المبارك.(ياهلا)  #التعليم #الاختبارات #كورونا 	 8731
arabic/1E_favorite query:أعلن بوتين تسجيل أول لقاح ضد فيروس كورونا في روسيا ويقول أن اللقاح قد : - أظهر كفاءة عالية وأمانًا . -يتوقع إطلاقه في المستقبل القريب . -ابنته تم تطعيمها ضد فيروس كورونا . - الاطلاق في 1 يناير . - سيتم تطعيم الأطباء أولاً في روسيا. بالفعل في سبتمبر 	 10
arabic/1E_favorite query:10 معلومات عن أول لقاح ضد #فيروس_كورونا من #روسيا https://t.co/GlJQUezX5g 	 35
arabic/1E_favorite query:اجيال «اتحاد مصر» يطالب «المكتب الثقافي» تطعيم الطلبة ضد «كورونا» احمد المعضادي : لتحصين طلبتنا أسوة بالدبلوماسيين وموظفي السفارة "الجريدة" #طلبة_مصر https://t.co/naAajFv1ym 	 0
arabic/1E_favorite query:إعلان الرئيس الروسي بوتين عن تسجيل أول لقاح ضد فيروس #كورونا في العالم، قبل استكمال المرحلة الثالثة من اختبار اللقاح، تهدف إلى تحقيق مكاسب إعلامية لروسيا بتحقيقها الأسبقية. وموافقة وزارة الصحة الروسية في 11 من أغسطس، تعني إمكانية استخدام اللقاح في سبتمبر على نطاق واسع في روسيا. https://t.co/abUv0SSB9v 	 1
arabic/1E_favorite query:#روسيا : إنتاج 2 مليون جرعة من لقاح #كورونا شهريا بحلول نهاية العام https://t.co/7v4aIqfzRa 	 5
arabic/1E_favorite query:هناك تخوف شديد في #أوروبا و #أمريكا من موجة ثانية من #فيروس_كورونا قد تظهر نهاية الصيف بشكل أعنف على غرار ما وقع سنة 1918 حيث حصدت الموجة الثانية 50 مليون انسان.. نحن كعرب لا زلنا ننتظر الغرب ليخترع لقاح #كورونا لان بلادنا رغم الثروات الضخمة ليس بها معمل ولا عالم، فهل نأخذ الدرس؟ 	 730
arabic/1E_favorite query:الرئيس التركي رجب طيب أردوغان: نحرز تقدماً كبيراً في تطوير لقاحات لوباء #كورونا https://t.co/uvH9mvzouE 	 71
arabic/1E_favorite query:مركز القرائن الصحي بالشارقة يستقبل 500 متطوع بتجارب لقاح #كورونا https://t.co/UG0GeS14ai https://t.co/O9BkI7FaFE 	 4
arabic/1E_favorite query:شركة صينية تعلن نجاح لقاح أنتجته لكوفيد-19 وجاكارتا تشتري 50 مليون جرعة. #فيروس_كورونا #كوفيد_19 #لقاح #الصين #إندونيسيا https://t.co/1lqvfQRs3l 	 85
arabic/1E_favorite query:#مع_الحكيم @m3alhakim.. بيجين تعلن نجاح أول اختبار لقاح لفيروس #كورونا على القرود https://t.co/cbvJ5S6t3h 	 53
arabic/1E_favorite query:#صور | تجربة اللقاح الصيني المضاد لـ #فيروس_كورونا في البرازيل، ثاني أكثر دول العالم تضررا من الوباء. (أ ف ب) https://t.co/N2xgQsoJLO #عاجل https://t.co/GzwvMfr74Y 	 14
arabic/1E_favorite query:الرئيس الروسي بوتين يعلن رسمياً إطلاق بلاده لقاح فيروس كورونا وأعلن أنتاج اول لقاح في العالم ضد #فيروس_كورونا سيسجل في #روسيا خلال ايام قليلة. وكشف : اجتاز العلماء الروس مراحل الاختبار واثبتوا سلامة وفعالية الدواء ، وسيعطي الامل ليس لبلدنا فحسب ، بل للعالم اجمع. #العراق https://t.co/NYSdXaxA3J 	 313
arabic/1E_favorite query:لماذا تتخوف الكثير من دول العالم من اللقاح الروسي ضد كورونا؟ #روسيا #لقاح #فيروس_كورونا https://t.co/e2PBCYxqb5 	 23
arabic/1E_favorite query:كبير خبراء الأمراض المعدية في #أمريكا عن أمله في أن تكون #روسيا قد أثبتت "بشكل قاطع" أن لقاح #كورونا الذي أعلنت عنه "آمن وفعال" #CoronaVaccine https://t.co/gr3rLmCgPA 	 23
arabic/1E_favorite query:مدير قسم المناعة والفيروسات بمستشفى الملك فيصل التخصصي أشرف الدادا: اللقاح الروسي لــ #كورونا لم يتجاوز المرحلة الثالثة من التجارب السريرية قبل التصريح بتصنيعه #العربية https://t.co/IzuajbYOLR 	 26
arabic/1E_favorite query:عاجل| متحدثة البيت الأبيض كيليان تقول بأن الرئيس ترمب سيعلن خبراً كبيراً بشأن فايروس #كورونا والذي سمّته بـ"فايروس الصين" يوم الأحد 6 مساءً بتوقيت واشنطن هل تتوقعون اصدار اللقاح؟! 🤩 https://t.co/RDGntU73ek 	 6
arabic/1E_favorite query:شاركت إحدى بنات الرئيس الروسي فلاديمير #بوتين في تجارب لقاح Sputnik V الروسي ضمن أوئل المتطوعين؛ فما الذي شعرت به عقب تطعيمها باللقاح؟ وهل أثبت اللقاح فعاليته؟ #فيروس_كورونا ⁦https://t.co/CS5dBYIGDL 	 1
arabic/1E_favorite query:اليوم جرت مظاهرات في ااعاصمة برلين ضد لقاح كوفيد ١٩ بدون لبس القناع او تباعد اجتماعي تلك هي الدول الديموقراطيه تعلن رفضها للخنوع والاجبار لا ان نشتريه ونضعك تحت الامر الواقع. https://t.co/KCq2xcqfO2 	 14
arabic/1E_favorite query:الصحة الروسية: بـاشـرنـا بـإنـتـاج #لقاح فيروس #كورونا #خليك_بالبيت #قناة_دجلة_الفضائية 	 140
arabic/1E_favorite query:وزارة الصحة الاتحادية إدارة الإعلام والعلاقات العامة 3 مارس 2021م وصول 820,000 جرعة لقاح كوفيد 19 كدفعة أولى https://t.co/sDbSk25QrP 	 96
arabic/1E_favorite query:يقول مكتشف لقاح فايزر آيغور شاهين عن لقاح كورونا: أنه يجب علينا تطعيم الناس كل عام او كل 18 شهر للقضاء على كورونا. ويقول استشاري الأمراض المعدية بيتر إنجليش: "قد نحتاج الى تطعيم الجميع كل عام، او عامين أو للأبد" مع إهداء لك شخص أوهم الناس بعودة الحياة الى طبيعتها بعد أخذ جرعتين https://t.co/hy5v6FMRJn 	 77
arabic/1E_favorite query:وزيرة #الصحة المصرية: نشارك مع 6 جهات دولية للحصول على لقاحات لـ #فيروس_كورونا #كورونا #كوفيد_19 #بوابة_الأخبار https://t.co/noEDYPVPlp 	 1
arabic/1E_favorite query:مفاجأة روسية.. لقاح #كورونا خلال أيام #عاجل #عكاظ #ان_تكون_اولا #تطبيق_عكاظ https://t.co/U0IjD4pvhH 	 58
arabic/1E_favorite query:ضل من ظن أن جائحة #كورونا ستنجلي من دولة أو إقليم أو قارة. إنما هي استراحة محارب، وستبقى تهيج تارة وتخبو أخرى وتخمد هنا وتضطرم هناك. وما جلاؤها -والله أعلم - إلا بمناعة مجتمعية أو لقاحات جمعية. 	 4
arabic/1E_favorite query:#دومينيك_راب: من غير المحتمل أن يكون لقاح فيروس #كورونا جاهزاً هذا العام https://t.co/lZvDz9iJ6t 	 9
arabic/1E_favorite query:خبر #زائف ❌ هذه ليست صورة ابنة الرئيس الروسي خلال تلقيّها لقاح #كورونا. إليك تحقق #مسبار 👇 https://t.co/syY6uNWmxV #اخبار #اخبار_العالم #روسيا #بوتين #كورونا #كوفيد_19 #علاج_كورونا #منصة_مسبار #عاجل 	 16
arabic/1E_favorite query:#الصحة تعلن تشكيل لجنة لمتابعة توفير لقاح #كورونا مع أربع شركات عالمية #العراق #السومرية #كورونا_في_العراق https://t.co/td5J7BYVfn 	 32
arabic/1E_favorite query:الإعلان في أمريكا قبل قليل عن نجاح لقاح #كورونا في التجارب الأولى وأسواق المال ترتفع https://t.co/rs8yGQtmhQ كل يوم سيتم الإعلان عن لقاح https://t.co/Qd4VN4hcww 	 12
arabic/1E_favorite query:سباق اللقاح.. #الصين تمنح أول براءة اختراع للقاح #كورونا إلى شركة كانسينو https://t.co/2BNgGqznlD #العربية 	 36
arabic/1E_favorite query:روسيا 🇷🇺 تبدأ في انتاج لقاح #فيروس_كورونا 🦠 هل سيتنفس العالم بحرية من جديد ؟ https://t.co/h0ZrDKlqGA 	 6
arabic/1E_favorite query:#بريطانيا تشجع الفئات المعرضة للخطر للتطوع لتجارب لقاح #كورونا https://t.co/EJebVGJuTI https://t.co/TcObcXAxIT 	 1
arabic/1E_favorite query:@Dr_alammar1 د.احمد متى تبدا فاعليه لقاح استرازينكا بعد الجرعة الاولى وكم الفاعليه ؟ لماذ موعد الجرعة الثاني 3 شهر 	 2
arabic/1E_favorite query:احدى طائرات الشحن القطرية القادمة من إيران تحمل على متنها مرضى بفيروس كورونا بغطاء تبرعات طبية مكدسين فوق بعضهم تهبط بمطار بيروت بالقوة تحت حماية حزب الله .. https://t.co/YdwpaL9Eqd 	 131
arabic/1E_favorite query:#باكستان تعتزم إجراء تجارب سريرية على لقاح صيني ضد #كورونا للتفاصيل: https://t.co/M7C4b2MdMZ #نتصدر_المشهد #COVID19 https://t.co/vVH3ztjYH8 	 7
arabic/1E_favorite query:سباق في #روسيا و #الصين لتطوير لقاحات ضد فيروس #كورونا.. ودكتور فاوتشي يشكك في سلامة اللقاحين #العربية https://t.co/fnjTGDmz7Y 	 20
arabic/1E_favorite query:#عاجل - 🎥#فيديو | بوتين: سجلنا أول لقاح ضد #كورونا.. يعمل بفعالية ويشكل مناعة ثابتة (RT) #عكاظ #ان_تكون_اولا #تطبيق_عكاظ #corona https://t.co/0g9sggzXq5 https://t.co/deX3GEDY2f 	 57
arabic/1E_favorite query:روسيا 🇷🇺 تبدأ في انتاج لقاح #فيروس_كورونا 🦠 هل سيتنفس العالم بحرية من جديد ؟ https://t.co/h0ZrDKlqGA 	 6
arabic/1E_favorite query:▫️ وزير الصحة التركي يزف البُشرى لنجاح لقاح انتجته تركيا قادر على عزل الفيروس .. - المقصود بعزل الفايروس هنا ، يعني منع وصوله إلى الرئة .. #كورونا_الجديد #كورونا_الاردن https://t.co/zxzAALgA02 	 129
arabic/1E_favorite query:رئيس وزراء المجر يتلقى لقاح "سينوفارم" الصيني https://t.co/1mOtXRYJBR https://t.co/Gih2Ei9Otr 	 0
arabic/1E_favorite query:رئيس صندوق الاستثمار الروسي: لقاح فيروس كورونا المستجد متوفر لعدد من الدول.(العربية) 	 323
arabic/1E_favorite query:الرئيس الروسي فلادمير بوتين يضع هذه الصورة في صفحاته الشخصية عبر مواقع التواصل الاجتماعي ويذيلها بعنوان روسيا تنقذ العالم - اللقاح ضد COVID-19 سيتم توفيره لدول مختلفة. https://t.co/B9K1SmTkim 	 6
arabic/1E_favorite query:🔴الرئيس الروسي #فلاديمير_بوتين يعلن عن تسجيل أول لقاح ضد فيروس #كورونا لأول مرة في العالم 🔴بوتين: أعلم اللقاح يعمل بشكل فعال للغاية، ويشكل مناعة مستقرة، وأكرر أنه اجتاز جميع الاختبارات اللازمة https://t.co/AGHMrJmg0D 	 14
arabic/1E_favorite query:كلمة سيدي #خادم_الحرمين_الشريفين تؤكد حرص القيادة -حفظها الله- على تسخير كل ما يحقق رفعة الوطن وسلامة المواطن والمقيم، ونبذل في وزارة التعليم قصارى جهدنا للتكامل مع كل الجهود الوطنية العظيمة للتصدي لفيروس #كورونا من خلال الجامعات وإدارات التعليم. حفظ الله الوطن وقيادته وأدام عزه. https://t.co/YeAvLzbidV 	 5638
arabic/1E_favorite query:🟠 عاجل الرئيس الروسي فلاديمير #بوتين يعلن عن تسجيل أول لقاح ضد فيروس #كورونا المستجد "كوفيد-19" في روسيا. ابنتة الرئيس بوتين من أوائل من تلقي اللقاح اليوم وسيتم انتاج المزيد في سبتمبر المقبل ، انتاج أكثر من مليار جرعة بعد طلب 20 دولة اللقاح حتي الآن . https://t.co/cIVYjSCpF5 	 13
arabic/1E_favorite query:محاولة جديدة من جامعة اكسفورد وامبيريال لإيجاد لقاح فعال ضدCOVID19،بعد النتائج الإيجابية على الحيوانات التي تمكنت من إنتاج أجسام مضادة ضد الفيروس،بدأت المرحلة الثانية على البشر لجعل الجسم يتعرف على الاستجابة المناعية لبروتينCOVID19ويطورها لمنع الفيروس من دخول الخلايا ومنع العدوى https://t.co/GR8aM6iiYL 	 3
arabic/1E_favorite query:@bodebode0909 مساءك صحة يعتبر الأشخاص المصابين بالأمراض المزمنة كالضغط من الفئات المستهدفة لأخذ لقاح كورونا الجديد مالم يكن لديهم موانع التطعيم، 1- 	 1
arabic/1E_favorite query:الرئيس التركي #أردوغان: " #تركيا تحتل المركز ال3 عالميا في تطوير لقاحات محلية ضد فيروس كورونا وفق منظمة الصحة العالمية، وقد طورنا لقاحين ضد كوفيد-19، وهذان اللقاحات تجاوزا المراحل التجريبية على الحيوانات وواحد منهما حصل على إذن بالتجريب على البشر" #فيروس_كورونا 	 630
arabic/1E_favorite query:بوتين: سنسجل أول لقاح في العالم ضد فيروس كورونا في #روسيا خلال أيام. #ليبيا #المرصد https://t.co/ig81tdnD2b 	 67
arabic/1E_favorite query:#روسيا تعلن عن التوصل إلى اللقاح المنشود لعلاج #كورونا وشكوك من منظمة الصحة العالمية ودول عربية حول جدواه https://t.co/DKOAStlHdR 	 10
arabic/1E_favorite query:#ورد_الآن الاتحاد الأوروبي يحجز 300 مليون جرعة من لقاح محتمل ضد #كورونا من شركة سانوفي https://t.co/5pB2bDecEv 	 32
arabic/1E_favorite query:النتائج المبكرة من الدراسة تشير إلى أن الأفراد المصابين بعدوى كوفيد ١٩ سابقة يولدون استجابة مناعية أقوى للجرعة الأولى من لقاح فايزر مقارنة بالأفراد غير المصابين سابقًا https://t.co/w4Uotg7Af3 	 2
arabic/1E_favorite query:#خادم_الحرمين_الشريفين يصدر أمره بمنع التجول للحد من انتشار #فيروس_كورونا الجديد ابتداءً من الساعة الـ 7 مساءً وحتى الساعة الـ 6 صباحًا لمدة ( 21 ) يومًا من مساء يوم الأثنين 28 رجب 1441هـ، الموافق 23 مارس 2020م. https://t.co/ZooYXb3UhM #واس_عام https://t.co/kifgwYCN0z 	 1885
arabic/1E_favorite query:المدهش في موضوع "كوفيد-19" أن العلماء فشلوا في إيجاد لقاح حتى الآن رغم أن الفيروس يندثر بمجرد غسل اليدين بالصابون !!! #coronavirus #COVID19 #TrendingNow 	 0
arabic/1E_favorite query:يتسارع السباق بين الدول الكبرى من #روسيا إلى الولايات المتحدة لتطوير لقاح ضد فيروس #كورونا المستجد وسط مخاوف متزايدة من موجة ثانية من الوباء في العديد من الدول. التفاصيل 👇👇👇 https://t.co/RuQTirM3aM #فرانس_برس https://t.co/H5KVhETvwP 	 20
arabic/1E_favorite query:#الشبيبة| وزير الصحة الروسي يعلن تسليم الدفعات الأولى من لقاح #كورونا في سبتمبر https://t.co/CF3Hc3thMo 	 26
arabic/1E_favorite query:الإعلام الغربي والأميركي يشن حملة ضد اللقاح الروسي لمواجهة كورونا #الميادين_Go #كورونا #Covid19 https://t.co/ivEY4T8BFO 	 171
arabic/1E_favorite query:فيديو ..  العاصمة #الرياض بعد بدء تطبيق منع التجول.  #كورونا #منع_التجول https://t.co/u5lbXn82bA 	 6637
arabic/1E_favorite query:البروفيسور الفرنسي الفائز بنوبل لوك مونتانييه وأحد مكتشفي فيروس الإيدز يقول: #كورونا ناتج عن محاولة إيجاد لقاح لفيروس الإيدز هذا يؤكد التقرير الهندي الذي صدر بعد أيام من ظهور كورونا واتهم الصين قبل حذفه نتيجة ضغوط حيث أكد أن كورونا هجين من ٣ فيروسات وبالتالي فهو مصنع مخبريا. 	 114
arabic/1E_favorite query:بعد أن وافقت هيئة الرقابة الدوائية الأمريكية على استخدام بلازما الدم لعلاج مرضى #كوفيد_19 وبفضل تقرير بأن إدارة #ترامب قد تسرع عملية اعتماد #لقاح محتمل لـ #كورونا https://t.co/QpTcVq5iep 	 4
arabic/1E_favorite query:تحذيرات من لقاح #كورونا الروسي على الأعمار السنية تحت 18 وفوق 60 عامًا https://t.co/qqgNEfJMNm 	 37
arabic/1E_favorite query:غيتس "يتنبأ" بأنه سيكون هناك 700000 ضحية للقاح المضاد للكورونا،، وهذا حسب تنبؤاته فقط.. السؤال المهم هنا: من الذي يملك الحق في تحديد مصير الناس عبر تعريضهم لأضرار قد تصل إلى الإعاقة الدائمة أو العقم أو حتى الوفاة كما حصل بسبب لقاحات أخرى؟! . https://t.co/Tm5Q0EUwE1 	 48
arabic/1E_favorite query:روسيا تعلن عن أول لقاح ضد كورونا يوم 12 اغسطس كشف رئيس معهد جمالية الروسي Gamaleya وهو المختبر الذي يطور اللقاح عن كيفية عمله ضد فيروس كورونا، وذلك بعد أن أعلن نائب وزير الصحة الروسي أوليج جريدنيف أن البلاد ستسجل أول لقاح في العالم ضد فيروس كورونا الجديد في 12 أغسطس. 	 25
arabic/1E_favorite query:بوتين: روسيا تسجل "أول" لقاح ضد فيروس كورونا في العالم اجتاز كل الاختبارات https://t.co/LZtm9HS5Or https://t.co/wmZ34rxs7j 	 10
arabic/1E_favorite query:🔥 لقاح أوكسفورد AZD1222💉 يدخل الولايات المتحدة🇺🇸في تجارب إكلينيكية المرحلة الثالثة 👥الشريحة المستهدفة30000شخص في🇺🇸 من عمر18ومافوق 💉التطعيم يجرب في 🇺🇸🇿🇦🇬🇧🇧🇷 💉ستبدأ التجارب الإكلينيكية قريبا في 🇷🇺🇯🇵 ليصل إجمالي المشاركين في التجارب 50000شخص https://t.co/fSQcMrCLtK (292) https://t.co/c9aHvwZdMN 	 20
arabic/1E_favorite query:#روسيا: تجربة اللقاح المكتشف أظهرت أن المناعة ضد #كورونا تستمر لعامين. #عكاظ #ان_تكون_اولا #تطبيق_عكاظ https://t.co/VD55AtKbWM https://t.co/SJufR1b9eJ 	 23
arabic/1E_favorite query:#الصحة: •ارتفاع نسبة الشفاء من #كورونا في المملكة إلى 87.3%. •المراكز البحثية في #المملكة ساهمت في التوصل إلى لقاح مضاد لكورونا •لم يثبت علميًا الإصابة بالفيروس لأكثر من مرة حتى الآن 	 130
arabic/1E_favorite query:حسب ما وصلني تم إعتماد #مستشفى_ثريبان_العام ليكون مركز تطعيم لأبناء #محافظة_العرضيات وسيتم البداء بالتطعيم خلال الأسبوع القادم نتمنى أن يكون الخبر صحيح ونتمنى إضافة مركز أخر بالعرضية الشاليه وتفعيل التطعيم من خلال #صيدليةَ_الدواء يستاهلون أهالي #العرضيات وأسعدنا الخبر 	 2
arabic/1E_favorite query:#لواء_5يونيو| الرئيس ترامب يعتقد أنه سيكون لدى الولايات المتحدة مصل ضد فيروس كورونا بحلول نهاية العام الحالي ، ويقول :نحن واثقون جدا من أننا سنحصل على لقاح بحلول نهاية العام”. https://t.co/JVHysQXHXE 	 8
arabic/1E_favorite query:🔴 أطباء أستراليا يحذرون من مغبة الإجبار على تطعيم #كوفيد١٩ محذرين أن سرعة الإنتاج قد تؤدي إلى ما لا يحمد عقباه #نرفض_اللقاح_الإجباري #كورونا https://t.co/p5BYcPKUML 	 26
arabic/1E_favorite query:#الشروق| الصحة العالمية: روسيا لديها استعدادات لإنتاج لقاحات عالية الجودة https://t.co/AQVkv0k407 #كورونا #فيروس_كورونا #COVID19 https://t.co/Dv0vm7q0CT 	 1
arabic/1E_favorite query:#بوتين : لقاح #كورونا مجانى لجميع مواطنى #روسيا https://t.co/zUkbgsZz0g 	 6
arabic/1E_favorite query:#لجنه_مكافحه_كورونا : توفير اللقاح نهاية العام.. ونصل لصفر إصابات خلال أيام #فيروس_كورونا للتفاصيل.. https://t.co/iyt6v0Dh9k 	 71
arabic/1E_favorite query:روسيا #كوفيد19 : دخلنا المرحلة الأخيرة للتأكد من اللقاح ضد #فيروس_كورونا https://t.co/ba5VPl9fbp https://t.co/4PYvUq2M05 	 49
arabic/1E_favorite query:#منظمة_الصحة_العالمية: لا نستطيع تقييم اللقاح الروسي ضد #كورونا بسبب نقص المعلومات. #عكاظ #ان_تكون_اولا #تطبيق_عكاظ https://t.co/VD55AtKbWM https://t.co/BdwyXu7tKx 	 2
arabic/1E_favorite query:#ضحكة_المساء #إيران تحذر من أن لقاح فيروس كورونا "الروسي" قد يكون خطيرا 🤦‍♂️😂😳 https://t.co/9W1YUkpCEK 	 1
arabic/1E_favorite query:تحقيق في وفاة الطبيبة الجزائرية بوديسة التي فقدت حياتها وجنينها أثناء عملها في مواجهة #كورونا وتفاصيل عن العالم المغربي الذي اختاره ترمب لرئاسة الفريق الأمريكي لتطوير لقاح مع د. عماد الجولاني، استشاري أمراض القلب في ميلانو https://t.co/Z2s7p4vAt6 	 1
arabic/1E_favorite query:مودي: #الهند تستعد لإنتاج لقاحات لـ #كورونا بكميات ضخمة https://t.co/NewEAqdsoh https://t.co/BkfCMZiRck 	 6
arabic/1E_favorite query:#لوسيل | #انفوجرافيك 4 مليارات جرعة من لقاح #كورونا قريبا بالأسواق #صحيفة_لوسيل #سلامتك_هي_سلامتي https://t.co/iK2KNQiVyO 	 2
arabic/1E_favorite query:#ميركل: جائحة #كورونا ستتفاقم قريبًا.. والحياة لن تعود لطبيعتها قبل ابتكار لقاح https://t.co/1Nf1F80qwb https://t.co/Z4qnQUu5gs 	 34
arabic/1E_favorite query:يروج البعض وجود "توجه بفرض #تطعيم_كورونا الغير مجرب وبشكل إلزامي" في الكويت وهذا غير صحيح ابداً. منظمة الصحة العالمية لن توافق على تداول لقاح الا بعد ثبوت مأمونيته وفاعليته، والكويت تتخذ كافة اجراءات التطعيمات وفق توصيات المنظمة. أصحاب نظريات المؤامرة أخطر علينا من #كورونا للأسف. 	 6
arabic/1E_favorite query:شركة ووكهارت الهندية لصناعة الأدوية تقول إنها تعاقدت مع #بريطانيا على توريد ملايين الجرعات من لقاحات متعددة لمرض #كورونا إليها بما فيها اللقاح الذي تطوره شركة "أسترا زينيكا" بالتعاون مع جامعة أكسفورد https://t.co/DWBAnKpBD9 	 43
arabic/1E_favorite query:خبر جميل من #اندونيسيا 🇲🇨 Kabar baik dari Indonesia❣️ #اندونيسيا ❤️ تكشف موعد تجاربها عن لقاح 💉 #كورونا من الاسبوع المقبل تبدا #اندونيسيا تجارب لقاح كورونا بالتعاون مع شركة سينوفاك الصينيه 🇨🇳 #كورونا #رواد_اندونيسيا #الاخبار_الحلوه #Jakarta #Korona https://t.co/1t5nryKD6u 	 18
arabic/1E_favorite query:سباق مع الزمن.. معهد "باستور" الفرنسي يكشف نتائج لقاح ضد #كورونا تخطي الحجب| https://t.co/B87cwQjL21 للمزيد| https://t.co/B87cwQjL21 	 17
arabic/1E_favorite query:آلية عمل اللقاحات: -لقاحات (الفيروس الناقل) تستخدم (فيروسًا تمت هندسته) ليكون غير ضار لنقل جين من #فيروس_كورونا إلى الخلايا. فتُحفّز هذه الشفرات الجينية لجزء معين من الفيروس فيصبح سهل على الجهاز المناعي التعرف عليه. مثل: 📌أوكسفورد/ أسترازينيكا 📌الصيني CanSino 📌الروسي Sputnik https://t.co/IAW47qzFvZ 	 8
arabic/1E_favorite query:لقاح روسي جديد يثير جدلا.. هل تغلّب #موسكو المصلحة القومية على صحة الانسان؟ سباق محموم بين الدول حول تطوير لقاح ضد #فيروس_كورونا المستجد وسط مخاوف متزايدة من موجة ثانية من الوباء في العديد من الدول. #روسيا https://t.co/CJidALiKHp https://t.co/DEi1tXFnZN 	 7
arabic/1E_favorite query:فاوتشي يحذر من سلبية التعجيل باستخدام لقاح لفيروس #كورونا للتفاصيل: https://t.co/JWOPWaNiAR #نتصدر_المشهد #COVID19 https://t.co/eKdq2wiPnF 	 2
arabic/1E_favorite query:#روسيا تخطط لإنتاج ستة ملايين جرعة شهريا من لقاح كوفيد-19 https://t.co/zgEfwzgEsJ #COVID19 #كورونا #Coronavirus https://t.co/lNQ1f2z13z 	 10
arabic/1E_favorite query:#روسيا: الإنتاج التجاري للقاح الجديد ضد #كورونا سيتوفر في سبتمبر من العام الحالي و20 دولة تقدمت بطلب شراء مليار جرعة منه لكن #واشنطن_بوست تقول إن التجارب النهائية لهذا اللقاح لم تنتهِ بعد! https://t.co/j2Zmsm57qj #العربية 	 90
arabic/1E_favorite query:سباق وتمويلات ضخمة للشركات لإنتاج لقاح ضد #كورونا الرابط البديل: https://t.co/GNNpyRN5hm #معاً_نعزل_كورونا https://t.co/0xiz4w4f3v 	 5
arabic/1E_favorite query:رئيس معمل الفيروسات الحيوانية المنشأ في جامعة #كمبردج : "نبحث عن نقاط ضعف في فيروس #كورونا يمكننا استخدامها لتطوير اللقاح لتوجيه الاستجابة المناعية في الاتجاه الصحيح" https://t.co/gJdDG6CWBO #العربية 	 33
arabic/1E_favorite query:#كورونا #كوفيد_19 اعلان الرئيس الروسي عن اكتشاف وبدء تصنيع اللقاح ضد كورونا مفاجئ ودرامي، العالم اجمع على مراحل معتمدة للتجارب السريرية لايمكن تخطيها، ولا يمكن بحال من الأحوال الجزم ان هذا اللقاح آمن في هذه الفترة القصيرة حتى ولو استخدمته ابنت بوتن هذه مخاطرة لا أحد يعلم عواقبها https://t.co/GcioDIJKlQ 	 2
arabic/1E_favorite query:البعض بعتقد اني ابالغ عندما آصف وضع قطر الاقتصادي الصعب ،،، وصدقوني لم ابالغ قطر لديها مداخيل من النفط والغاز وقد هبطا كثيرا ولديها دخل من صندوقها السيادي وهو ب ازمة كورونا لن يعطي ارباح بل خسائر وستهبط قيمته كثيرا وقطر ستضطر تبيع بعض  اصوله وان وجدت مشتري بثلث القيمة تعد محظوظة 	 4
arabic/1E_favorite query:عاجل | #بوتين: طورنا "أول" لقاح لفيروس #كورونا (كوفيد-19) https://t.co/x501PQMkrK 	 0
arabic/1E_favorite query:#ترامب: لقاح #كورونا سيتوفر لدينا قبل موعد الانتخابات https://t.co/Djxh6X66tu 	 64
arabic/1E_favorite query:#الصحة تعلن آخر مستجدات اللقاحات: أكثر من مليون ومائة ألف جرعة معطاة من لقاح #كورونا وجميع اللقاحات في المملكة مجازة من هيئة الغذاء والدواء #تواصل #قناة_الرسالة https://t.co/RK8ENTiL7g 	 3
arabic/1E_favorite query:الولايات المتحدة/ تجربة فعالية لقاح كورونا بتعريض أصحاء للفيروس بعد حقنهم باللقاح. خطوة غير معتادة في إنتاج اللقاحات الطبية لأنها تعتبر غير أخلاقية علميا ولكن بالنظر إلى نوعية الفيروس وعدم خطورته العالية , فإنها خطوة مستساغة نوعاً ما ,كما انها قد تكون ضرورية لتسريع انتاج اللقاح https://t.co/9U2qQlkDFh 	 8
arabic/1E_favorite query:حذر باحثون من أنه بمجرد العثور على لقاح فيروس #كورونا، لن يكون على الأرجح بالفعالية نفسها في حماية الأشخاص الذين يعانون من #السمنة. هذا لا يعني أنه عندما يُطرح #اللقاح لا ينبغي تلقيح هؤلاء الأشخاص. #نعود_بحذر https://t.co/qodroUid3c 	 4
arabic/1E_favorite query:د. غسان الأعور: معظم لقاحات #كورونا التي يتم تطويرها حول العالم وصلت للمرحلة الثالثة وهذا تطور إيجابي يدعو للتفاؤل ـــــــــــــــــــــــــــــــ #قناة_الرافدين المداخلة كاملة | https://t.co/RZhqwbAKac https://t.co/ot4pS1FRuH 	 1
arabic/1E_favorite query:@CazaTaza مختبر مغربي يكتشف لقاح فيروس كورونا المستجد بنجاح https://t.co/XwyKjnFAF4 	 2
arabic/1E_favorite query:بوتيرة الإستهتار من البعض - حتى ولو كانوا قلّة- قد يصاب لا قدّر الله الآلاف في وقت واحد.. ومن المعلوم أنه في حالات كورونا المتقدمة يحتاج الشخص الى جهاز تنفس وعناية مركزة .. كيف يمكن لأي دولة أن توفر ذلك في وقت واحد .. سيما أن غرف العناية محتاجوها كثر لأمراض خطيرة متعددة.. اقعدوا! 	 5146
arabic/1E_favorite query:#السبلة_العمانية / شاهد ابنة الرئيس الروسي تتلقى اللقاح الذي أعلن عنه فلاديمير بوتين اليوم كأول لقاح ل كورونا في العالم #كرونا #فيروس_كورونا https://t.co/ANGDhjXolp 	 29
arabic/1E_favorite query:روسيا تعد بطرح ملايين من جرعات لقاح #فيروس_كورونا اعتبارا من 2021 https://t.co/6dS55vxpMr 	 10
arabic/1E_favorite query:لبنان : دياب بحث مع زاسبكين امكانية الحصول على اللقاح الجديد ضد فيروس كورونا 	 25
arabic/1E_favorite query:#لواء_5يونيو| وزير الصناعة والتجارة الروسي دينيس مانتوروف، قال إن 3 شركات روسية ستباشر في سبتمبر، بالإنتاج التجاري لأول لقاح ضد فيروس كورونا في البلاد. https://t.co/zWXtRQgfKd 	 3
arabic/1E_favorite query:#نشرة_الرابعة | القبض على مقيمين في #الرياض انتحلا صفة الممارس الصحي وادّعيا إيجاد لقاح لـ #كورونا https://t.co/ikUqZDTo37 	 23
arabic/1E_favorite query:#ترامب يتهم "الدولة العميقة" بتأخير لقاح #كورونا #سكاي_أخبار https://t.co/Tlj8zpZVBD 	 87
arabic/1E_favorite query:إحدى بنات الرئيس الروسي التي جُرب فيها اللقاح المعالج لي #كورونا https://t.co/jZpm9pIRc5 	 32
arabic/1E_favorite query:العمانية / أوضح معالي الدكتور أحمد بن محمد السعيدي وزير الصحة أن الحصول على لقاحات فيروس #كورونا #كوفيد19 يتوقف على ما بعد الاعتمادات الدولية لها والتأكد من كفاءتها ومدى مأمونيتها وجاهزيتها للاستخدام . https://t.co/2xH01g6W06 https://t.co/wgi4d9po7H 	 19
arabic/1E_favorite query:@Qatar_Edu القرارات التعسفية ترد من المحكمه مافي شي اسمه تطعيم اجباري او خصم راتب لاجازه مرضيه 	 9
arabic/1E_favorite query:فيروس كورونا ٢٠٠٢م، SARS: مستويات سكر الدم تتنبّأ بوفيّات المصابين بالفيروس. كورونا ٢٠١٢م، MERS: المضاعفات مُتّصلة بشدّة بالأمراض المزمنة. كورونا ٢٠٢٠م، Covid19: ≈ ٩٥٪ من الوفيّات مرتبطة بالأمراض المزمنة. منظّمة صحّة قِتس العالمية اللعينة: غسّل يدك. انتظر لقاح. البس كمامة. ~ https://t.co/U8tecy8dUL 	 2
arabic/1E_favorite query:أول #لقاح فعّال لـ #كورونا لن يكون قبل 2021 • #أكسفورد تجهد ليكون جاهزاً بحلول نهاية العام https://t.co/coA1dz0TbT 	 12
arabic/1E_favorite query:وزير #الصحة : هنالك تجارب إعدادية لتجربة اللقاح الصيني #كورونا 	 1
arabic/1E_favorite query:بعد وفاة الفنان مشاري البلام الكثير من مشاهير الخليج خرجوا ليغيروا أقوالهم السابقة في الحث على اللقاح وأخذه ، وأقروا انهم لن يقربوا لقاحات ولن يضعوا صحتهم في هذا المحك المجهول بعد كل هذه الحالات العالمية وان الكورونا مقدور عليها ! سبحان الله هو عمره وأجله ، لاتحسبوه شر ،، 	 13
arabic/1E_favorite query:اللقاح الصيني (Ad5) التابع لشركة (CanSino Biologics) أثبت في المراحل السريرية الأولية بأنه أمن ، ويعطي استجابة مناعية ممتازة .. مما استوجب إعطاءه موافقة محدودة الاستخدام، وذلك بالتزامن مع انتقاله للمرحلة السريرية الأخيرة. https://t.co/x93tW9r6Wx 	 4
arabic/1E_favorite query:نبذل كل غالي و نفيس فداك يا وطن كبار المسؤولين في مجال الصحة بيلادنا يتلقون الجرعة الثانية من اللقاح غير النشط المقاوم ل #فيروس_كورونا #الامارات https://t.co/Di64xf1zDx 	 21
arabic/1E_favorite query:وزير الصحة #الروسي: سنبدأ بإنتاج اللقاح خلال أسبوعين والتشكيك به يعود للمنافسة #كورونا https://t.co/L2P8NMw8CK 	 1
arabic/1E_favorite query:سفير #الصين بالقاهرة: نتعاون مع #مصر لإنتاج لقاح ضد #كورونا https://t.co/vDpWZ8SBNx https://t.co/G7qDBNHFpc 	 7
arabic/1E_favorite query:في البحرين و الإمارات هناك تجارب سريرية تجري لإيجاد لقاح ضد #كورونا وفي #الكويت اتمنى تحويل معهد الأبحاث العلمية الى مصنع كب كيك 	 4
arabic/1E_favorite query:الوكالة الصحية للاتحاد الأوروبي تُعلن التوصل إلى لقاح #فيروس_كورونا . 	 34
arabic/1E_favorite query:روسيا: لقاح #كورونا خلال أيام https://t.co/OnSnBMKVfP https://t.co/zy4vfeAhmo 	 17
arabic/1E_favorite query:عملية إنتاج اللقاح الروسي ضد فيروس كورونا تبدأ في موسكو ووزراة الصحة تنشر المشاهد الأولى #الشرق #Asharqnews https://t.co/alNp9nGQIb 	 11
arabic/1E_favorite query:عاجل:  الآن.. انتهاء فترة #منع_التجول في يومه الأول، بالتزام وتعاون كامل من المواطن والمقيم. . #السعودية #كورونا 	 10053
arabic/1E_favorite query:المسار | ترامب يتهم "الدولة العميقة" بعرقلة تجارب لقاحات #كورونا صحيفة المسار #عاجل https://t.co/XshKnn5HRB 	 2
arabic/1E_favorite query:إعلان اللقاح الروسي "سبوتنيك" .. تحديات السلامة والآمال "محتشمة" https://t.co/EOa7eLI3bo #covid19 #كورونا_المغرب 	 10
arabic/1E_favorite query:#السبلة_العمانية / #روسيا تطلق على اللقاح اسم " #سبوتنيك " وهو اسم وكالة أنباء عالمية تمتلكها روسيا #فيروس_كورونا #كوفيد_19 https://t.co/zPZFzRMbUy 	 20
arabic/1E_favorite query:متخيلين كل دي ناس ماتت ، كل دي ناس كان ليها حياتها وناس بتحبها و ذكرياتها و حياتها كانت ماشيه تمام في ثانيه و بسبب استهتارهم ماتوا ، من فضلكوا يجماعه خلوا بالكوا من نفسكوا و خليكوا في بيتكوا اكيد مش هتحبوا تخسروا حياتكم او حد بتحبوه . 	 7596
arabic/1E_favorite query:#روسيا: 20 دولة تقدمت بطلب شراء مليار جرعة من لقاح #كورونا الإنتاج الصناعي للقاح الروسي ضد فيروس #كورونا سيبدأ في سبتمبر #الكويت https://t.co/h3IEW7Bwc1 	 0
arabic/1E_favorite query:لقاح تجريبي من تطوير جامعة /أوكسفورد/ البريطانية يحقق نتائج واعدة في مكافحة فيروس كورونا المستجد /كوفيد-19/، إذ يبدو اللقاح حتى الآن آمنا ويحقق استجابة مناعية جيدة ضد الفيروس. #قنا 	 104
arabic/1E_favorite query:#روسيا تعلن ثقتها بالشراكة مع #المملكة العربية #السعودية في العمل على لقاح ضد فيروس #كورونا https://t.co/4QX16Yg2wv 	 48
arabic/1E_favorite query:- احتجاجاً على الانتهاكات الجسيمة لأخلاقيات مهنة الطب التي حصلت نتيجة الاستعجال في إنتاج لقاح ضد فيروس #كورونا - استقال اليوم كبير أطباء الجهاز التنفسي "الصدرية" في #روسيا من منصبه !! أهم ميزات الروس الكذب والخداع والحقارة! 	 6
arabic/1E_favorite query:دسمان | البيت الأبيض: توفير لقاحات كورونا قبل شهرين من الموعد المتوقع بسبب اجراءات بايدن - https://t.co/87c7jKksqZ https://t.co/CygbrsvAGT 	 0
arabic/1E_favorite query:أهم عاجل | أ ب: مسؤول حكومي أمريكي يقول إنه سيتم اليوم الاثنين طرح أول جرعة من لقاح تجريبي ضد فيروس #كورونا 	 482
arabic/1E_favorite query:الكيان الصهيوني العنصري يرضخ بعد ان تعرض لنقد عنيف بسبب عنصريته في توزيع لقاح #فيروس_كورونا قرر تطعيم العمال الفلسطينية الذين يحملون تصاريح عمل في الكيان والمستعمرات الاستيطانية. وباقي الشعب؟ https://t.co/JPhKQ5EIkB 	 40
arabic/1E_favorite query:محمود محمد: #الصين أغلقت #تركستان الشرقية بذريعة انتشار وباء #كورونا لقمع المسلمين وإجراء تجارب اللقاح عليهم ــــــــــــــــــــــــــــــــــــ #قناة_الرافدين المداخلة كاملة | https://t.co/xq8M2BtX1z https://t.co/RawfCVRtJf 	 6
arabic/1E_favorite query:#عاجل | #بوتين يعلن عن تسجيل أول لقاح ضد #فيروس_كورونا في العالم ويتوقع بدء #روسيا إنتاج كميات كبيرة منه قريبًا. https://t.co/OtvaD96IPG 	 516
arabic/1E_favorite query:أغنية المقاومة الإيطالية “بيلا تشاو” في زمن كورونا من احد شرفات إيطاليا 🇮🇹❤️  https://t.co/Z9PSx9yFja 	 31452
arabic/1E_favorite query:🔴#روسيا تعلن الانتهاء من تطوير لقاح ضد #كورونا .. وتكشف موعد بدء عمليات التطعيم السكاني⁦⬇️⁩ . https://t.co/SWxLuS6RG2 . #صحيفة_غراس https://t.co/0A2gt0XGhZ 	 2
arabic/1E_favorite query:#شاهد.. ابنة #الرئيس_الروسي تتلقى حقنة بأول #تطعيم في العالم ضد فيروس #كورونا مثلما أعلن #بوتين صباح الثلاثاء https://t.co/rCuxFhWwDk #صحيفة_الخليج #روسيا #كوفيد_19 https://t.co/BVZGXMxV8d 	 714
arabic/1E_favorite query:البحرين تنشط في دعوة المواطنين للتجارب السريرية على لقاح فيروس كورونا #الاماراتي https://t.co/gv5SMZHtz9 	 7
arabic/1E_favorite query:بالتعاون مع وزارة الصحة @SaudiMOH افتتاح مركز لقاح كورونا في المستشفى الجامعي بـ #الخرج #جامعة_الأمير_سطام https://t.co/u5MOE0dvQh https://t.co/kXtrdfQiXs 	 24
arabic/1E_favorite query:البدء في تطعيم ١٥ الف متطوع من جنسيات مختلفة بلقاح #كوفيد١٩ الصيني في دولة الإمارات العربية المتحدة خطوات متسارعة للحصول على إعتماد لقاح لمكافحة #كورونا #نعود_بحذر #كلنا_مسؤول https://t.co/O8NL4XqP2o 	 97
arabic/1E_favorite query:روسيا تبدأ حملة تطعيم جماعي ضد فيروس كورونا في هذا الموعد #مختارات_من_عاجل https://t.co/8iEW3IRpbe 	 17
arabic/1E_favorite query:شركة ( أسترا زينيكا ) الإنجليزية لصناعة الأدوية تؤكد بأنها مستعدة لتزويد الأسواق بلقاح محتمل لعلاج فيروس كورونا بدءا من شهر سبتمبر المقبل، حيث أبرمت عقودا تقضي بإنتاج 400 مليون جرعة على الأقل من اللقاح، والتي تطورها بالتعاون مع جامعة أكسفورد. . https://t.co/fURYdhdb5U 	 218
arabic/1E_favorite query:التايمز : شركة أسترازنيكا تجري تجارب بشرية على العلاج بالأجسام المضادة لفيروس كورونا ، ويهدف هذا اللقاح إلى حماية الأشخاص من فيروس كورونا. وتشمل التجارب 48 مشاركاً يتمتّعون بصحة جيدة تتراوح أعمارهم بين 18 و55 عاما.  https://t.co/zEhCDP46KB 	 5
arabic/1E_favorite query:خبر جيد: الرئيس الروسي فلاديمير بوتين يعلن تسجيل اول لقاح مضاد لفيروس كورونا في روسيا.. #كورونا 	 17
arabic/1E_favorite query:المصادر الطبية الأمريكية غاضبة من لقاح روسيا ضد فيروس #كورونا الذي بدأت في إنتاجه وتسويقه، وتقول المصادر الأمريكية إن اللقاح لم تجرى عليه مرحلة بحثية مهمة يفترض أن تتم، وأنه قد تم كسر كل المبادئ والإجراءات المعروفة التي تتبع لضمان أمان وفاعلية اللقاح. 	 26
arabic/1E_favorite query:كل قنوات العالم مشغولة بكورونا وتستضيف المختصين على مدار اليوم للحديث عنه وعن كيفية مواجهته إلا الجزيرة مشغولة بالسعودية وقيادتها وتستضيف سعد الفقيه يوميًا للحديث عن ذلك .. المضحك أنهم يناقشون الصعوبات الإقتصادية التي ستواجهها السعودية جراء كورونا وكأن العالم بأسره لا يواجه ذلك🤮 	 11386
arabic/1E_favorite query:#كورونا #الاخبار_الحلوه أمريكا تصّرح بأنها مارح تستخدم #اللقاح_الروسي أو أي لقاح يصدر من روسيا والصين لأنه بدون تجارب علمية 😏 يعني #روسيا أعلنوا عنه من دون تجارب الناس هم بيكونو فيران التجارب وكل واحد هو وحضه🌚 وكل منهم يلعب لعبته وفي ناس باقي مصدقين المصخرة الي قاعدة تصير https://t.co/zCnTKoFOqP 	 1
arabic/1E_favorite query:ليش تستغربون وتضجون لمن #قطر اعلنت استعداداتها لنقل المساعدات الطبية ل #ايران لمواجهة #كورونا ؟!  #الامارات و #السعودية  قدمت اجهزة ومعدات طبية لإسرائيل وماحد تكلم مو بس كذا قدمتا اكثر من 10 مليار دولار لدعم المستشفيات الإسرائيلية   #فيروس_كورونا 	 981
arabic/1E_favorite query:شاهد : كيف تُسعف طفلك اذا ابتلع جسماً صلباً #لقاح_كورونا https://t.co/D6kel1Ws2v 	 83
arabic/1E_favorite query:20 دولة تحجز 1 مليار جرعة من اللقاح الروسي ضد #كورونا https://t.co/zb0GVOqZyA 	 2
arabic/1E_favorite query:معلومة مهمة جدا‼️ لا يوجد لقاح روسي ل #كورونا اجتاز المراحل الثلاث وهناك بوادر نزاع بين الدول المتنافسة على تصنيع اللقاح، وبين روسيا والصين والهند، بسبب هذه التجاوزات والتي قد تفقد الثقة في اللقاحات الناجحة لاحقا #السعودية رابط الخبر باللغة الإنجليزية https://t.co/v9PSTJYK4N https://t.co/6OpxJmPLM0 	 12
arabic/1E_favorite query:«أوكسفورد» يتقدم السباق العالمي لإنتاج لقاحات #كورونا • #اللقاح يقدَّم للجهات التنظيمية العام الجاري • أميركا تدرس تعجيل استخدامه قبل #انتخابات_الرئاسة https://t.co/DlabAz2r4H 	 6
arabic/1E_favorite query:في ١١ اغسطس سجلت وزارة الصحة الروسية اللقاح الاول في العالم ضد فيروس كورونا المستجد (كوفيد-١٩). واسمه "سبوتنيك-v". وتم تطوير هذا اللقاح في مركز الأبحاث "الأكاديمي نيكولاي جاماليا". وسيصبح اللقاح الروسي متاحا للمدنيين في 1 يناير 2021. وسيشكل اللقاح مناعة ضد الفيروس لمدة عامين. https://t.co/stGNfR7dnx 	 32
arabic/1E_favorite query:#اميركا | أعلن الرئيس الأميركي #دونالد_ترامب أنّ هناك 6 لقاحات لمواجهة فيروس كورونا يجري العمل عليها https://t.co/mOW2H25g25 	 26
arabic/1E_favorite query:بوتين يعلن تسجيل أول لقاح مضاد لكورونا ورئيس الفلبين مستعد لتجربته تخطي الحجب: https://t.co/935ZsVUv8U للمزيد: https://t.co/M4q0Fx369a #مباشر #روسيا #كورونا #كوفيد19 #covid19 #coronaupdate #corona 	 49
arabic/1E_favorite query:بالإضافة للقاح فايزر 🇺🇸 بدأ التطعيم في المملكة بلقاح أوكسفورد/استرازينيكا 🇬🇧 تحدثت في هذه الكوفيدة عن تاريخه وفعاليته وطريقة تصنيعه. في الهند 🇮🇳 أكثر من 6 مصانع دوائية ضخمة تنتج 60% من الإحتياج العالمي للقاحات الطفولة (16 لقاح) وتصدرها لأكثر من 123 دولة. https://t.co/eVgdXFYJBs https://t.co/wHaPdw5ChI 	 97
arabic/1E_favorite query:الصحة العالمية:  الأموال النقدية قادرة على نقل كورونا ، ويجب غسل اليدين بعد ملامسة النقود.  .  #كورونا #الصحة_العالمية 	 3500
arabic/1E_favorite query:ثلاث لقاحات يتوقع أن تكون جاهزة في صيف 2020 1 - لقاح (ChAdOx1 nCoV-19) التابع لجامعة اكسفورد البريطانية 2 - لقاح (mRNA-1273) التابع لشركة Moderna الأمريكية 3- لقاح (BNT162) التابع لشركة Pfizer الأمريكية https://t.co/WUbzvpR3IR https://t.co/Giko9du5lt 	 28
arabic/1E_favorite query:طور عدد من العلماء ما يفترض أنه لقاح ضد فيروس #كورونا المستجد بأدوات مخبرية بسيطة لكن بدلًا من سلوك الطريقة التقليدية وصولًا إلى التجارب السريرية، قرر العلماء اختبار اللقاح على أنفسهم. رابط الموضوع: https://t.co/F5D3aZKIwZ https://t.co/7dc9ihMcee 	 6
arabic/1E_favorite query:قوات الكيان التركي تقوم بالاعتداء على نساء وأطفال السودان في مطار اسطنبول  ●وأوامر الإعلام قطر بالامتناع من الحديث في الأمر.  ■هذا وقد وصل عدد المصابين في فايروس #كورونا في تركيا الالآف ولهذا قامت الهند بمنع السفر أو استقبال أي طائرة من تركيا. #ضرب_سودانيين_بمطار_تركيا #امجد_طه https://t.co/VH9gA1iPvr 	 1323
arabic/1E_favorite query:1/2 مقال من رويترز حول مدى نجاعة لقاح COVID-19 لكل من الصين و روسيا. حسب تحقيق قامت به الوكالة مع مجموعة من الباحثين و العلماء، فإن اللقاحين الروسي و الصيني يعتمدان على صنف معدل من الفيروس الغدي AD5 الذي يحمل مادة وراثية تذهب إلى العقد اللمفاوية ليقوم الجهاز المناعي... ⤵️ 	 20
arabic/1E_favorite query:الدكتورة فريدة الحوسني المتحدث الرسمي عن القطاع الصحي بالدولة، حول مستجدات فيروس #كورونا المستجد: لا يمكن أن يتسبب لقاح "#كوفيد_19" بظهور نتيجة إيجابية للمرض #اخترت_التطعيم #يدا_بيد_نتعافى #ChoosetoVaccinate @DrFaridaHosani @mohapuae https://t.co/bTnbf8XLMa 	 12
arabic/1E_favorite query:#الرئيس_الروسي يعلن تسجيل بلاده أول #لقاح ضد #كورونا في العالم #SputnikV #روسيا #الميادين_Go https://t.co/kp53vGlxF6 	 87
arabic/1E_favorite query:حل المشاكل العميقة لأميركا بعيد المنال.. أقوى اقتصاد في العالم لن يتعافى سريعا حتى بالعثور على لقاح ل #كورونا https://t.co/RFWoRuINn9 	 3
arabic/1E_favorite query:شكر خاص ل المملكة العربية السعودية🇸🇦 التي نقلت إمدادات  @WHO الحيوية الخاصة ب #COVID19 جواً إلى #اليمن. تشمل الشحنة معدات الحماية الشخصية للعاملين الصحيين واختبارات الفحص المختبري في عدن وصنعاء وأيضا أدوية الصدمة ومستلزمات لدعم الاستجابة المستمرة للأزمة #الصحة_للجميع_وبالجميع https://t.co/QEWw0PfL9K 	 4743
arabic/1E_favorite query:د. طه شوقي أحمد الحازمي: لقاح فيروس كورونا قد يأخذ وقت من سنه إلى 18 شهر .. حتي نأخذ النتائج الإيجابية بعد التجارب الفعلية .. .. المجلس الصحي https://t.co/g79PlB6qgz 	 6
arabic/1E_favorite query:LifePetitions - Petitions for a Culture of Life https://t.co/dY976NRH2k لجميع الحرات والاحرار التوجه الاعلامي الان يطالب بجعل لقاح كورونا اجباريا ومعاقبة من ترفض تلقيه وقعن هذه العريضة التي تطالب بعدم معاقبة من ترفض استخدام لقاح كورونا المزيف الذي يدمر الخلايا 	 6
arabic/1E_favorite query:#بوتين يعلن عن تسجيل أول لقاح في العالم ضد فيروس #كورونا وابنته أخذت اللقاح https://t.co/uWtw3HVN0k 	 62
arabic/1E_favorite query:#ترمب : أزمة فيروس كورونا ستنتهي بسرعة اذا نجح المصل الواقي من الملاريا في معالجة الفيروس .. ونسعى للحصول على كميات كبيرة من عقاري “هيدروكسي كلوروكين” و “زيباك” وسيتم توزيعها صباح الثلاثاء. #كورونا https://t.co/GktosfQL32 	 58
arabic/1E_favorite query:ترمب: - أتوقع التوصل إلى لقاح ناجح ضد #فيروس_كورونا قبل نهاية 2020 - سنبدأ بإنتاجه بكميات كبيرة ووافرة بعد الموافقات الطبية - سياسة الإغلاق الدائم ليست خيارا مجديا لمكافحة الجائحة -هناك دول شهدت زيادة في أعداد الإصابات حتى بعد أن عاودت الإغلاق https://t.co/YWQysSXirj https://t.co/GkFyEY6o0R 	 18
arabic/1E_favorite query:#عاجل| مباحثات بين الصحة العالمية و #روسيا حول اللقاح الجديد المضاد لـ #كورونا الذي أعلنته موسكو https://t.co/0RFDPsLJkF 	 8
arabic/1E_favorite query:#فيسبوك يحذف منشورات المستخدمين التي تتناول أنباء تسجيل اللقاح الروسي ضد فيروس #كورونا وحظر أصحاب هذه الحسابات #COVID19 #Russia #RussianVaccine https://t.co/IwVU63urd6 	 14
arabic/1E_favorite query:بوتين يعلن عن تسجيل أول لقاح ضد فيروس كورونا في العالم اللقاح يعمل بشكل فعال للغاية، ويشكل مناعة مستقرة واجتاز جميع الاختبارات اللازمة إحدى بناته قد تم تطعيمها باللقاح الجديد https://t.co/0X405aqmA7 	 3
arabic/1E_favorite query:وانتم صنعتم ونشرتم اكبر وباء في العالم في العصر الحديث ودمرتم حياة البشرية باسرها ثم تأتي متفشخرا بأنكم بنيتم أكبر ورشة لإنتاج اللقاح. روحوا منكم لله https://t.co/ZXXoGaFIj6 	 25
arabic/1E_favorite query:رئيس الوزراء الأسترالي يقول إن لقاح فيروس كورونا سيكون إلزاميًا باستثناء أولئك الذين لديهم إعفاءات طبية عندما ترى هكذا تصريحات فأعلم أن ما خُفي أعظم لم يجدوا لقاح لفيروس الانفلونزا منذ اكثر من ٢٠٠ عام ولكن يريدون حقن جميع الناس بما يُسمّى (لقاح) ضد فيروس تم اكتشافه قبل اعوام https://t.co/vFbOdEHdGt 	 9
arabic/1E_favorite query:عاجل..  .  وزارة الصحة:  تسجيل ١١٩ حالة جديدة بفيروس كورونا.  .  #السعودية #كورونا 	 7804
arabic/1E_favorite query:بوتين يعلن تسجيل روسيا أول لقاح فعال ضد فيروس كورونا في العالم..ابنته تم تطعيمها https://t.co/tMUTsBuP1e @MusicNationme #كورونا https://t.co/508VtxNkVT 	 7
arabic/1E_favorite query:#وزير_الصحه #مساء_الخير عداد الكتروني الذين أخذوا لقاح كورونا في السعودية : https://t.co/qfUHtnccPV 	 28
arabic/1E_favorite query:فيديو | شاهد لحظة حصول ابنة الرئيس الروسي على لقاح #كورونا الروسي الذي أثبت فعاليته حسبما اعلن الرئيس #بوتين #الجسرة_الاخبارية https://t.co/z5P5wcAvhV 	 13
arabic/1E_favorite query:#ترمب: لقاح #كورونا ربما يكون جاهزا يوم الانتخابات الرئاسية في 3 نوفمبر #عكاظ #ان_تكون_اولا #تطبيق_عكاظ https://t.co/VD55AtKbWM 	 15
arabic/1E_favorite query:#التعليم : أنباء شبه مؤكدة الفصل الدراسي الأول عن بعد أو على الأقل جزء منه مع متابعة ومراقبة عدد الحالات داخلياً وعالمياً والوقوف على آخر المستجدات بشأن توفر لقاح لفيروس #كورونا وعلى ضوء ذلك تقرر اللجنة المعنية هل يستمر التعليم عن بعد أو حضورياً. ننتظر الإعلان الرسمي من الوزارة. 	 14
arabic/1E_favorite query:لقاح "كورونا" .. هل تنتصر القيم الإنسانية على الهواجس التجارية؟ https://t.co/Uk5fnlChee #covid19 #كورونا_المغرب 	 7
arabic/1E_favorite query:#الخبر : #كوفيد_19: #أمريكا تصادق على استخدام #البلازما لعلاج #المصابين بـ #كورونا --- #التعليق: قبل 5 أشهر" سألت احد الاطباء عن امكانية الاستفادة من بلازما دم المصابين لإنتاج لقاح لكن لم اجد اجابة .. رابط وتاريخها27 مارس2020 https://t.co/EJugOBTpZO #Coronavirus https://t.co/A3dhnMLWTo 	 0
arabic/1E_favorite query:الصحة العالمية تدعو لاحترام اللوائح عند تطوير لقاح #كورونا للتفاصيل: https://t.co/yzzDayJ1ld #نتصدر_المشهد #COVID19 https://t.co/BORhuJqwSL 	 9
arabic/1E_favorite query:أول متطوعيْن لتجارب #لقاح #كورونا يحصلان على الجرعة الثانية. #برق_الإمارات https://t.co/IFIk4smuDK 	 88
arabic/1E_favorite query:طائرة الشحن القطرية المغادرة من طهران إلي بيروت الخطوط القطرية حاولت أن تنفي في محاولة خداع المتابعين لها  والحقيقة  أن الطائرة هي طائرة شحن محملة ببعض الركاب المصابين بوباء #كورونا للتغطية على الحمولة الأكبر وهي السلاح المتوجه لحزب الشيطان اللبناني  علما بأن مطار بيروت مغلق https://t.co/ZhVIPZvPlz https://t.co/4JEt7huBTR 	 294
arabic/1E_favorite query:مشاركتي الليلة على @RTarabic عن اللقاح الروسي ل #كوفيد١٩ #COVID19 تسجيل اللقاح خضع للرأي السياسي بتركيز على الريادة والسبق الإعلامي والعائد المالي.وليس الطبي الأخلاقي، ولم يؤكد فيه سلامة المرضى ولا يعرف مستوى الأمان له خصوصا لو استخدم للفئات الخطرة. https://t.co/MGRYYcbEJF 	 12
arabic/1E_favorite query:وهذا يدل انه بالاصابة لن نصل الى مناعة القطيع ونحن بحاجة الى لقاح لمنع الاصابة ونقل العدوى تحدثت بذلك ايضا بروفيسوره اكيكو وهي عالمة في علم المناعة https://t.co/Hs5aifHxgh 	 102
arabic/1E_favorite query:🎥 بـ 96 عيادة.. مركز تلقي لقاح #كورونا في المعهد الوطني للتدريب مستمر في استقبال المستفيدين .. #الأحساء https://t.co/YXJ3G82JMC 	 47
arabic/1E_favorite query:تقرير / علماء من الصين اكتشفوا ( بالضبط ) كيف يدخل فايروس #كورونا الى خلايا جسم الانسان ويستخدمها لانتاج المزيد من النسخ من نفسه فائدة الاكتشاف ؟ تسريع جهود تطوير لقاح او علاج 🙏🏼 https://t.co/G9MhFqIGfR 	 147
arabic/1E_favorite query:عاجل - #روسيا تعلن رسمياً البدء في إنتاج اللقاح المضاد لـ #كورونا https://t.co/qjNNDZqVS7 	 37
arabic/1E_favorite query:مراكز اللقاحات في منطقة #الجوف تواصل استقبال المواطنين والمقيمين المسجلين في #تطبيق_صحتي، ولديهم مواعيد لتلقي الجرعة الأولى من #لقاح_كورونا . للحصول على اللقاح التسجيل عبر تطبيق صحتي: https://t.co/b87Fps6TZO https://t.co/lk1rCQqUHR 	 7
arabic/1E_favorite query:إدارة #ترامب تتعاقد للحصول على 100 مليون جرعة من لقاح #كورونا #شاهد_سكاي https://t.co/Rq6OoRzsuc 	 47
arabic/1E_favorite query:#إيطاليا تعلن جاهزية اختبار أول لقاح محلي لمكافحة #كورونا #صدى_البلد #البلد https://t.co/tLQHp1MA1B 	 5
arabic/1E_favorite query:#عاجل | إنترفاكس نقلاً عن وزارة الصحة الروسية: #روسيا بدأت إنتاج لقاح #كورونا 	 71
arabic/1E_favorite query:أعلنت المفوضية الأوروبية،اليوم، أنّها حجزت باسم الدول الأعضاء، 300 مليون جرعة من عقار ضد فيروس #كورونا المستجد تعمل عليه المجموعة الفرنسية #سانوفي . وقال البيان إنّ المفوضية تواصل “مناقشات مكثفة” مع مجموعات أخرى تعمل على إنتاج لقاح مماثل. https://t.co/WQcu7mTIxv 	 16
arabic/1E_favorite query:عاجل 🔴 . . وزارة الصحة تعلن رسمياً: وضع خطة عمل حالياً لتنفيذ تجربة سريرية في المرحلة الثالثة للقاح ضد فيروس كورونا في المملكة بالتعاون مع شركة كان سينوا الصينية والتي تمكنت من تطوير لقاح ضد الفيروس. . . السعودية 	 260
arabic/1E_favorite query:رسميًا.. تسجيل أول لقاح ضد فيروس #كورونا في العالم. #بوابة_الأخبار https://t.co/hdPpgRzHXN 	 4
arabic/1E_favorite query:جامعة أوكسفورد تعلن توفير #لقاح خلال ستة أشهر.. وأطباء يكشفون توقعاتهم لبرنامج مع الحكيم #كوفيد19 #covid19 #coronaupdate #corona https://t.co/XYZodbz2XR 	 8
arabic/1E_favorite query:فيروس C اللي قضى عليه علاج مش لقاح و كورونا ماشي في نفس السكة دي و العلاج هو اللي هيكون اسرع في مواجهته من اللقاح 	 18
arabic/1E_favorite query:انتوني فاوتشي يؤكد أن لقاح فيروس كورونا سيكون جاهزاً بحلول نهاية ٢٠٢٠ أو أوائل العام القادم وأن النتائج المبكرة من المرحلتين الأولى والثانية للتجارب السريرية للقاح كانت جيدة جداً ". لكنه أضاف:" نشعر بتفاؤل حذر" . 	 372
arabic/1E_favorite query:#الصحة: لم يتوفر حتى الآن لقاح لفيروس #كورونا https://t.co/5onNLBJcXo 	 77
arabic/1E_favorite query:@Abujanah625 @SaudiProject 🟠 عاجل .. صيدليات «الدواء».. أول صيدلية تُعتمد من وزارة الصحة لتقديم لقاحات فيروس كورونا. https://t.co/2gNlNbQgT6 	 0
arabic/1E_favorite query:واجهت موسكو حملة تشكيك أحاطت بالإعلان عن تسجيل أول لقاح في العالم لمواجهة فيروس #كورونا فكيف كان ردها الرسمي؟ #جاك_العلم #أبسط https://t.co/M9FMMFUXSm 	 3
arabic/1E_favorite query:#الرئيس_الأمريكي: لقاح #كورونا سيتوفر قبل موعد الانتخابات #عكاظ #ان_تكون_اولا #تطبيق_عكاظ #كورونا #corona https://t.co/vgT1Ob5tdZ 	 5
arabic/1E_favorite query:اللقاح الروسي مشكوك في أمره ، لم يمر المرحلة الثالثة وهي الأهم وتم إعتماده في المرحلة الثانية وهو غير كاف حتى منظمة الصحة العالمية قالت أنها لا تملك معلومات كافية عنه . #كورونا 	 3
arabic/1E_favorite query:#روسيا #كورونا #منظمة_الصحة_العالمية بوتين يعلن عن أول لقاح مضاد لكورونا في العالم ومنظمة الصحة العالمية : "نبحث مع الجانب الروسي فاعلية وآلية اعتماد اللقاح الروسي المكتشف ضد فيروس كورونا......" 💥💣 https://t.co/UDKv1xM2I0 	 6
arabic/1E_favorite query:#عالم || #الصين تخطط لاختبار لقاحات ضد #كورونا بالتعاون مع روسيا https://t.co/2MIjr04nf8 	 0
arabic/1E_favorite query:فيديو | في حال توفر لقاح فعال ضد #كورونا هل يعتبر التطعيم إجباريا؟ #الإخبارية https://t.co/bUCVPKJGaT 	 32
arabic/1E_favorite query:اتفاق مع شركة «موديرنا» للحصول على 100 مليون جرعة من لقاح كورونا #كورونا https://t.co/r0IySZdB8o 	 5
arabic/1E_favorite query:#ترامب يتوقع موعدًا لتوفر لقاح مضاد لفيروس #كورونا https://t.co/BKq9rBcsie 	 11
arabic/1E_favorite query:الرئيس الروسي، فلاديمير #بوتين، يعلن تسجيل #روسيا أول لقاح في العالم ضد فيروس #كورونا #الغد_المشرق https://t.co/lIOfrjNZZk 	 10
arabic/1E_favorite query:لاحظوا معي في اسكوتلندا مع استخدام لقاح #أسترازينكا بعد تخذ الجرعة الأولى فقط، انخفضت نسبة التنويم في المستشفى بسبب #كوفيد_19 ٩٤٪. ولا زال البعض يشكك ب #لقاح_كورونا #عمان_تواجه_كورونا https://t.co/an9j92wNDL 	 52
arabic/1E_favorite query:فاوتشي يقول احتمالية ضئيلة أن التطعيم تكون فعاليته عالية. (يأمل العلماء في الحصول على تطعيم فعال ضد فيروس كورونا بنسبة 75٪ على الأقل ، لكن فعالية بنسبة 50٪ أو 60٪ ستكون مقبولة.) انت وحظك ففتي ففتي 🙃 . https://t.co/2b6sLvTWvL 	 22
arabic/1E_favorite query:#روسيا تعلن الحرب على #كورونا بأول لقاح فعال https://t.co/G10aroVsSQ 	 60
arabic/1E_favorite query:مكتب #أبوظبي الإعلامي: #الأردن ثالث دولة تشارك بالمرحلة الثالثة من تجارب لقاح ضد #كورونا غير النشط ضمن حملة لأجل الإنسانية مع افتتاح مركز جديد للتجارب في عمان، هو أحدث توسع للتجارب التي تنفذها شركتا "جي 42 للرعاية الصحية" و"سينوفارم سي إن بي جي"، التي انطلقت في #الإمارات 16 يوليو https://t.co/VNKXdDGlh2 	 6
arabic/1E_favorite query:الرئيس الروسي فلاديمير بوتين يعلن تسجيل بلاده أول لقاح في العالم ضد فيروس #كورونا. زعمه الصادق الغرياني بيضرب من لقاح الملحدين الروس ولا بيحجر روحه في دار الإفتاء اعجبتني😂😂😂😂 ً ً ً 	 55
arabic/1E_favorite query:#روسيا، تختزل مراحل البحث عن لقاح #كورونا دون نشرها نفس العقلية التي تعاملت مع كارثة تشرنوبل تطور لقاح خلال اشهر وتبدأ بروبغندا 👇 عن كونه جاهز للأستخدام في شهر 10 تطوير اللقاحات حالياً تدخله السياسة وسباق الدول ولا يمكن ان يحتمل العلم ذلك https://t.co/qSaIULdSke 	 28
arabic/1E_favorite query:لقاح فيروس كورونافا يبشر بالخير في المرحلة الأولى الحمدلله 🤲 https://t.co/rwzximeKxi 	 1
arabic/1E_favorite query:#رئيس_الوزراء: جاهزون لشراء اى لقاح عالمى يثبت فعاليته لعلاج #فيروس_كورونا #كورونا https://t.co/tcCmGPJeKN 	 40
arabic/1E_favorite query:#السعودية تعلن إجراء تجارب على لقاح صيني ضد #كورونا https://t.co/2zvyaVHaTS https://t.co/wbSlQ81AsJ 	 6
arabic/1E_favorite query:رئيس الفيلبين يتريث في أخذ اللقاح الروسي ضدّ كوفيد-19 #كورونا https://t.co/2ZNwzPrBWW 	 0
arabic/1E_favorite query:#إندونيسيا.. بدء تجارب سريرية على لقاح محتمل لـ #كورونا الأسبوع المقبل. https://t.co/jXg91VwcGK #بوابة_الأخبار 	 3
arabic/1E_favorite query:بوتين يعلن عن تسجيل أول لقاح ضد فيروس كورونا في العالم لأول مرة بسمع بخبرية حلوة ب ٢٠٢٠❤️ #كورونا 	 86
arabic/1E_favorite query:هذا اجنبي عبر برنامج التيك توك  يصور مقاطع في وسط محافظة جدة حي بني مالك لنشر الشائعات عن كورونا محاولا بث الرعب والهلع في المجتمع   هذه المقاطع وهذه الشائعات ليست عفوية بل مقصودة لغاية وقد تستغل لغايات اخرى   @kamnapp  @AljawazatKSA  @MOISaudiArabia https://t.co/C4EazEGDyA 	 361
arabic/1E_favorite query:#صحة_القريات فريق التطوع الصحي يشاركون في استقبال المستفيدين من لقاح كورونا #كوفيد19 في مركز لقاحات كورونا بالقريات . #تطوعي_صحه https://t.co/wS0KMiOiWi 	 10
arabic/1E_favorite query:”#كورونا“ يسقط #قطر من جديد في فخ ”إهانة“ العمالة الأجنبية (صور)  #إرم_نيوز #الدوحة #نطالب_بحظر_تجول_في_قطر   https://t.co/q9a1t1u7HL 	 41
arabic/1E_favorite query:#ترامب: جائحة #كورونا ستنتهي دون إيجاد لقاح للفيروس والحصيلة النهائية للوفيات في أميركا قد تصل إلى 95 ألفا أو أكثر https://t.co/gitqq3vpkx 	 44
arabic/1E_favorite query:قال وزير الصناعة والتجارة الروسي دينيس مانتوروف، إن 3 شركات ستباشر في سبتمبر بالإنتاج التجاري لأول لقاح ضد فيروس #كورونا المستجد في البلاد. وأضاف: "في المرحلة الأولى سيتم إنتاج عدة آلاف من اللقاحات شهريا، وبحلول 2021 ستزيد الشركات الإنتاج إلى عدة ملايين". #أخبار_روسيا https://t.co/fXpVtZrQ6c 	 2
arabic/1E_favorite query:روسيا تعلن .. 20 دولة تقدمت لشراء مليار جرعة من لقاح #كورونا الذي اثبت فعاليته .. https://t.co/zDMJ5VYZqb 	 15
arabic/1E_favorite query:#ترامب: لقاح #كورونا قد يكون جاهزا يوم #الانتخابات_الرئاسية فى 3 نوفمبر https://t.co/sCwwx7kXZv 	 96
arabic/1E_favorite query:@talat_ashour اعتقد انه سيتم تحديث الرابط لهذا المقال بشكل مستمر كما يمكنك المتابعة عبر الرابط التالي ويشير الى ان لقاح اوكسفورد وموديرنا وبفايزر و5 اخرين (4 من الصين 1 من استراليا) وصلوا للمرحلة الثالثة. بعض التجارب دمجت المرحلتين الثانية والثالثة مثل بفايزر واوكسفورد https://t.co/5Y83xaBJgU 	 2
arabic/1E_favorite query:#روسيا يعلن عن تسجيل أول لقاح مضاد لفيروس كورونا و #الجزائر تعلن عن برميل تعقيم اليدين. #COVID19 #Algerie #Algeria https://t.co/qgl8CiCIKK 	 7
arabic/1E_favorite query:تعليق قناة الحرة على النجاح الكبير لروسيا في انتاج لقاح ناجع وفعال ضد فيروس كورونا ( كوفيد-19) يظهر شدة المغص والحسد الامريكي من النجاح الروسي !!! في الوقت الذي امتلات المستشفيات الامريكية بالمصابين بفايروس كورونا نجحت روسيا باختراع اللقاح !!! https://t.co/PINrvPqCW9 	 66
arabic/1E_favorite query:👆تمتلك المعاهد الوطنية للصحة (NIH) حصة مالية في لقاح كورونا لشركة Moderna الممول من بيل جيتس وترمب الصهيوني بـ 1.6 مليار دولار ، مما يثير أسئلة كبيرة حول النزاهة المفترضة لقرارات سياسة الحكومة الفيدرالية وتضارب المصالح خلال تفشي وهم فيروس كورونا. 👇 	 12
arabic/1E_favorite query:د.الحمادي: في مواجهة الأمراض المعدية يستطيع اللقاح تقديم خدمات كبيرة منها الحماية من الإصابة أو منع أعراضها، وتقليل المضاعفات، وبعضها تقلل من فرصة انتقال المايكروبات من الشخص المصاب إلى متلقي اللقاح #أنت_المسؤول #كورونا 	 3
arabic/1E_favorite query:استمراراً للتوسع في إعطاء #لقاح_كورونا تشغيل 4 مراكز إضافية للمسجلين الراغبين بأخذ لقاح كورونا بمنطقة #القصيم، لتصبح 9 مراكز وهي مركز صحي الأفق بـ #بريدة ومركز صحي الزهرة بـ #البكيرية ومركز الصفراء بـ #بالمذنب ومركز الوسطى بـ #البدائع https://t.co/78NWkSXKNI 	 195
arabic/1E_favorite query:أعلنت روسيا رسمياً البدء في إنتاج اللقاح المضاد لـ فيروس كورونا والذي سيطرح نهاية الشهر الجاري...الجدير بالذكر وزير الصحة الشيخ د.باسل الصباح لغاية الآن لم يتخذ قرار بطلب اللقاح بالرغم أن أكثر من 20 دولة تريد هذا اللقاح! @Drbaselalsabah @KUWAIT_MOH @RusEmbKuw @Russia_AR https://t.co/31JJxZOr2I 	 1
arabic/1E_favorite query:عملية تطعيم السكان ستنطلق في أكتوبر المقبل وزير الصحة الروسي يعلن اكتمال التجارب السريرية للقاح المضاد لفيروس #كورونا بنجاح https://t.co/DW3gapVXXm 	 187
arabic/1E_favorite query:وزير الصحة الجزائري للسفير الصيني: مهتمون بالحصول على لقاح #سكاي_أخبار #كورونا #لقاح_كورونا https://t.co/erqRG9acvs 	 22
arabic/1E_favorite query:حكّام #قطر خطر على القطريين .. لا مبالاة في إتخاذ الإجراءات الإحترازية و استمرار الرحلات الجوية لمدة طويلة مع #إيران و #تركيا اللذان كانا و ما يزالان يكذبان في إبداء الأرقام الصحيحة للمصابين بڤايروس #كورونا و كذلك قطر . دعواتكم للشعب القطري بالخلاص منهم .  #حكومه_قطر_تنشر_كورونا https://t.co/2AzReomXRW 	 67
arabic/1E_favorite query:بعد أن أعلنت عن أول لقاح للإنسان من فيروس #كورونا.. أعلنت جهات حكومية روسية أنها تطور لقاحاً جديداً لـ Covid-19 لحماية حيوان المنك (المعروف بتربيته في روسيا بكثرة للاستفادة من فروه) وكذلك القطط المنزلية... #روسيا #الرؤية_بلا_حدود https://t.co/d27wZ6IyMJ 	 21
arabic/1E_favorite query:في إطار التعاون الطبي، وبإشراف دائرة الصحة – أبوظبي، بدأت التجارب السريرية للمرحلة الثالثة من تجارب لقاح لعلاج فيروس كورونا المستجد #كورونا #كوفيد19 #كوفيد_19 #فيروس_كورونا https://t.co/4AcfCrSJJv 	 12
arabic/1E_favorite query:ربط المشاركة في الحج بتلقي لقاح كورونا https://t.co/OI8DGAv4kp #السعودية #كورونا #فيروس_كورونا #لقاح_كورونا #الحج #مكة #العمرة 	 1
arabic/1E_favorite query:بشرى من «الصحة العالمية»: 6 لقاحات ضد كورونا تدخل مرحلة متقدمة من التجارب https://t.co/fPzOemNzuA #الصحة_العالمية #فيروس_كورونا #كورونا #لقاح_كورونا https://t.co/m5GpAwWKvO 	 5
arabic/1E_favorite query:🛑عاجل: اول من يحقن نفسة في اللقاح الروسي ابنة الرئيس بوتين وروسيا تعلن رسميًا أول لقاح ضد فيروس كورونا في العالم حقن ابنة الرئيس رسالة للعالم مفادها ان اللقاح ناجح 💯💯👌✌️ . https://t.co/u13EspcX0i 	 29
arabic/1E_favorite query:#استاد_المدينه_التعليميه #كأس_العالم_2022 #خليك_بالبيت #COVID19 الدكتور عبداللطيف يقولكم ترى فايروس الكرونا راح يتحول لفيروس بشري وراح يستمر ولكن بدرجات اضعف ومثله مثل الانفلونزا العاديه وعندها سوف يستخدم لقاح ضد هذا الوباء ...محمد سعدون مبدع واللقاء دمه خفيف 👇🏾😎 https://t.co/ZZMCOQjkvW 	 16
arabic/1E_favorite query:يغير لقاح "كوفيد 19" الذي يتم تتبعه بسرعة الحمض النووي البشري ، ويحول الناس إلى ملكية معدلة وراثيًا https://t.co/O3cQnedrFo https://t.co/RycmjNVKPG 	 19
arabic/1E_favorite query:أعلنت #الصحة_العالمية إنه لا يوجد حتى الآن أي لقاح لـ #فيروس_كورونا يستوفى شروط المنظمة وشددت على أن الشروط هي خضوع اللقاح لثلاث تجارب سريرية تختبر الأمان والتأثير والفاعلية وهو ما لم يتحقق في #اللقاح_الروسي https://t.co/PHGiPEDAaK 	 1
arabic/1E_favorite query:عاجل:  الآن.. بدء تنفيذ قرار إيقاف الطيران الداخلي والأجرة والقطارات والحافلات في #السعودية.   #كورونا #فيروس_كورونا 	 4085
arabic/1E_favorite query:#ترمب: يجب أن نسائل #الصين بشأن مسؤوليتها في انتشار فيروس #كورونا وسنتوصل إلى لقاح قبل نهاية العام https://t.co/gMlXlBPGJ6 	 116
arabic/1E_favorite query:وزير الصحة الروسي يرفض كافة تصريحات #التشكيك في فعالية اللقاح الروسي لمواجهة فيروس #كورونا #روسيا #صحة #COVID19 #RussianVaccine https://t.co/ieenG6qLCF 	 15
arabic/1E_favorite query:#بوتين يعلن عن تسجيل أول لقاح ضد فيروس #كورونا في العالم https://t.co/JREoerb4dC https://t.co/NWuPMnjhNb 	 5
arabic/1E_favorite query:#اضواء_الوطن | #روسيا تعلن أنها ستسجل خلال أيام أول لقاح عالمي ضد #كورونا 	 5
arabic/1E_favorite query:#الإمارات تعلن البدء في التجارب السريرية للمرحلة الثالثة من لقاح عالمي محتمل لـ #فيروس_كورونا تحت مظلة "منظمة الصحة العالمية" بعد نجاح المرحلتين الأولى والثانية من التجارب #كورونا #انت_مسؤول #عطاء_في_عملي_وسلامه_في_بيتي https://t.co/ZO9mWmFoW6 	 217
arabic/1E_favorite query:50 ألف لقاح للكورونا هبة من جمهورية الصين ما حدا شافهم بس شافوا كم كمامة من سفيرة القمامة #إعلام_فاشل 	 63
arabic/1E_favorite query:تدشين خدمة تقديم #لقاح_كورونا للمستفيدين من برنامج الرعاية الصحية المنزلية في منازلهم وذلك في إطار التوسع في تنفيذ حملة التطعيم ضد #فيروس_كورونا (كوفيد-١٩) والتخفيف على المستفيدين من عناء الانتقال لمراكز اللقاحات. https://t.co/vEXe4IQy9E 	 100
arabic/1E_favorite query:#سؤال_وصلني : آخذ علاج مسيل دم. هل استطيع اخذ تطعيم #كورونا؟ #إجابتي : نعم. لكن بلغ الممرضه واضغط على مكان الإبرة لفترة أطول كي لا يحصل نزيف. 	 55
arabic/1E_favorite query:الربيعة: لقاح #كورونا قريب.. وسنمدِّد #التعليم_عن_بعد حال عدم توافره. https://t.co/Gxf32MYNft https://t.co/a4yYSbRQ8e 	 323
arabic/1E_favorite query:روسيا: نثق بشراكتنا مع السعودية في العمل على لقاح ضد فيروس كورونا المستجد. 	 1173
arabic/1E_favorite query:#عاجل | #إندونيسيا تبدأ اختبار لقاح صيني ضد فيروس #كورونا طوره مختبر "سينوفاك بيوتيك" على 1600 متطوع، ويطلق عليه اسم "كورونافاك"، وسبق أن اختبر هذا اللقاح على 9 آلاف متطوع في البرازيل #جريدة_الراية | #لأجل_قطر_كلنا_في_البيت | https://t.co/tdmnuBffJM 	 2
arabic/1E_favorite query:#الإمارات.. 5000 متطوع يتلقون الجرعة الأولى من لقاح «#كوفيد_19» #عكاظ #ان_تكون_اولا #تطبيق_عكاظ #كورونا #corona https://t.co/5ZppvnBKZp 	 13
arabic/1E_favorite query:بالفيديو: أول مركز للتطعيم في مدينة الصدر... ومطالبات لتلقيح المواطنين سريعاً شاهد هذا التقرير من #السومرية! #كورونا #فيروس_كورونا #كورونا_في_العراق #لقاح_كورونا #وزارة_الصحة_العراقية #العراق https://t.co/cxR5SAc2yg 	 19
arabic/1E_favorite query:مهم : الفرق ما بين الكمامة الطبية الاصلية و غيرها و طريقة لبسها الصحيح   #كورونا https://t.co/DDyVzlGnH1 	 0
arabic/1E_favorite query:مصر.. انطلاق مرحلة تطعيم كبار السن وأصحاب الأمراض المزمنة ضد كورونا https://t.co/i1tP9cF481 	 0
arabic/1E_favorite query:#صحة_جازان تستمر بـاستقبال المتقدمين لأخذ #لقاح_كورونا بـمستشفى ضمد العام خلال الفترة المسائية. https://t.co/NMdFHJMCeA 	 11
arabic/1E_favorite query:حصريا..اول لقاح لفيروس كورونا علي مستوي العالم شاهدوا الفيديو كاملا علي هذا الرابط https://t.co/zT5m6OSDMD #كورونا #كورونا_المستجد https://t.co/yOn2X5EEzp 	 12
arabic/1E_favorite query:@2art2 @Hassan_alsai كلامج غير صحيح منظمة الصحة اعطت الموافقة لانتاج اللقاح لانه آمن وفعال بنسبة 95% وبعدين الدولة ما رح تجيب لقاح بمئات الملايين وتعطي الشعب لو فيه ضرر لنا وما شفتي سمو الامير ورجال الدولة من اوائل الناس الي تطعمو ! يعني بياخذونه لو فيه ضرر مثلاً !! توكلي على الله وتطعمه وعن الدراما 	 0
arabic/1E_favorite query:#من_الخاص_روماتزم سؤال متكرر هاليومين/ استخدام الكورتزون -لاي سبب- لا يمنع من اخذ #لقاح_كورونا ويعتبر امن باذن الله تعالى تفاصيل/ https://t.co/PEMM2ohTe6 https://t.co/dGzbk55ExP 	 17
arabic/1E_favorite query:🔴وزارة الصحة و البيئة : العراق أول بلد سيحصل على لقاح فيروس كورونا في حال إقراره. (يستحون يگولون راح نجرب اللقاح بالشعب العراقي نشوفه يشتغل لو لا) 	 19
arabic/1E_favorite query:#روسيا تخطط لتسجيل أول لقاح لفيروس #كورونا في العالم في 12 أغسطس هذا يعني بداية خروج عدة لقاحات اخرى من عدة دول وهذا امر مبشر بقرب انتهاء #كورونا 	 16
arabic/1E_favorite query:متفائلين جدا بشأن اللقاح وخصوصا في ما يخص الكوفيد١٩ ، وهو امر ليس بالسهل انتاج لقاح في هذه المدة القصيرة ويكون ايضا فعال لكن اكثر عقول العالم ابداعا اجتمعت لتحقيق ذلك تمت https://t.co/exUV9NdJxJ https://t.co/5qOYuiE6yj 	 37
arabic/1E_favorite query:#روسيا تعلن فرض #واشنطن عقوبات على علماء روس طوروا لقاح ضد #كورونا https://t.co/NkJCab6sgV 	 42
arabic/1E_favorite query:سيتلقى 40 ألف متطوع روسي لقاحًا ضد فيروس #كورونا المستجد بدءًا من الأسبوع المقبل، ووافقت الحكومة الروسية مؤخرًا عليه وأشادت به. وسيستخدم اللقاح -الذي أطلقت روسيا عليه اسم سبونتيك 5- في دراسة سريرية لمقارنة تأثيره مع لقاح وهمي. https://t.co/euaB5SWcBr 	 9
arabic/1E_favorite query:لقاح #كورونا الروسي.. تجارب المرحلة الثالثة تبدأ بعد يوم من إعلان تسجيله وسط قلق مستمر وتساؤلات بدون إجابة حول سلامته وفاعليته.. تقرير لمراسل CNN في #موسكو.. شاهد https://t.co/dAH4UlcbQG 	 55
arabic/1E_favorite query:ابنة #بوتين تلقت جرعات منه ورئيس الفلبين يريد التجربة على نفسه.. روسيا تعلن عن أول لقاح لــ #كورونا و20 دولة تقدمت لشرائه.. والصحة العالمية تعلق #العربية https://t.co/BmoHuknQlf 	 66
arabic/1E_favorite query:وستقوم #الإمارات العربية المتحدة و #إسرائيل على الفور بتعزيز التعاون وتسريعه فيما يتعلق بمعالجة وتطوير لقاح لفيروس #كورونا المستجد. ومن خلال العمل معاً، وستساعد هذه الجهود في إنقاذ حياة الجميع بصرف النظر عن ديانتهم في جميع أنحاء المنطقة #الامارات_رساله_سلام 	 4
arabic/1E_favorite query:#وزير_الصحة : #التعليم_عن_بعد سيُمدّد في حال عدم توفر لقاح لفيروس #كورونا . https://t.co/tmx9KjawtQ 	 0
arabic/1E_favorite query:منظمة الصحة العالمية: من المتوقع التوصل إلى لقاح لفيروس #كورونا بنهاية العالم الحالي 2020، على أن يكون اللقاح متاحا للجميع في عام 2021 https://t.co/hs50cbaiR0 #العربية 	 61
arabic/1E_favorite query:#الصين تُعلن أنها ستجعل لقاح فيروس #كورونا منفعة عامة عالمية شاهد التفاصيل مع الإعلامية الصينية سعاد ياي #المسائية https://t.co/FHojmIwO0r 	 115
arabic/1E_favorite query:#سويسرا تغري شعبها بالتعاقد مع الشركة الأمريكية @moderna_tx "مودرنا" لحجز ملايين الجرعات من #لقاح #فيروس_كورونا 🤔 هذا التعاقد يدل ربما ان #الإتحاد_الأوروبي لا يملك لقاح ناجح👇 https://t.co/MNs4XHoGRA 	 3
arabic/1E_favorite query:رويترز: لقاحات روسيا والصين ضد فيروس كورونا قد تسبب الإيدز https://t.co/Z4Lb9Mn8iI https://t.co/L3CB0yiHqJ 	 3
arabic/1E_favorite query:هام جدًا/ "هذا هو أكثر مرض مرعب شاهدته طوال مسيرتي المهنية." هذا ما قاله الطبيب الأمريكي الذي يقود الجهود الدولية للبحث عن لقاح للكورونا. أتمنى من كل شخص قارن الـ #كورونا بالإنفلونزا أو بالغ في تطمين الناس يشوف المقطع للنهاية (النهاية أهم جزء). قمت بترجمة المقطع للعربية. 👇🏼 https://t.co/PuKhgb7mOW 	 7807
arabic/1E_favorite query:#الولايات_المتحدة .. #فاوتشي يحذر من أن #لقاح #كورونا قد يكون فعالا جزئيا #بوابة_الأخبار https://t.co/gZo0aEad4G 	 1
arabic/1E_favorite query:يتميز لقاح #جونسون_آند_جونسون بأنه أحادي الجرعة، إضافة لكونه سهل التخزين؛ لأن حفظه لا يستلزم بيئة أكثر برودة من البراد العادي. وقد أوقف اللقاح 66% من حالات كوفيد-19 الخفيفة والخطيرة في تجربة أجريت في ثلاث قارات. فهل يحصل أخيراً على ترخيص الاستخدام الطارئ؟ https://t.co/v1cbMshcjK 	 3
arabic/1E_favorite query:انطلاق المرحلة الاخيرة من لقاح فيروس كورونا في ٨٩ مركزا في الولايات المتحدة بمشاركة ٣٠ الف متطوع. المتطوعون سيتلقون جرعتين من اللقاح بينهما ٢٨ يوما والنتائج في نوفمبر. 	 68
arabic/1E_favorite query:#بوتين يعلن موافقة وزارة الصحة الروسية على أول لقاح روسي فعال لـ #كورونا #COVID19 #Qatar #Doha https://t.co/JMQ4P5NLDO 	 2
arabic/1E_favorite query:يتم تشخيص COVID-19 لأي مشكلة في الجهاز التنفسي وفقًا لموظف المستشفى هذا..وهكذا تم تزيف الحقائق وأعطى العالم ارقام ضخمه لاعداد المصابين وتخويف الناس وفرض قوانين أحترازيه لتضيق الخناق على الشعوب كي تقبل اخذ اللقاح مقابل الحرية https://t.co/FUcMfqV0mZ 	 36
arabic/1E_favorite query:تعهد بتوفير لقاح "آمن وفعال" لــ #كورونا قبل نهاية العام.. #ترمب يعد الأميركيين والعالم بـ "سحق" الفيروس قريبا والخروج من الوباء بشكل أقوى #العربية https://t.co/WcllzARSaN 	 163
arabic/1E_favorite query:#فيديو | تعرف على لقاح فيروس كورونا الصيني . . #الشارقة_للأخبار #الإمارات https://t.co/j4FQ3OWvEq 	 8
arabic/1E_favorite query:#خبر‼️ #روسيا تعلن عن تسجيل أول لقاح ضد فايروس #كورونا في العالم حمل إسم #SputnikV تيمناً بإسم أول مركبة فضائية أطلقها الاتحاد السوفييتي وقد حملت قمراً صناعياً الى الفضاء، اللقاح يؤخذ على جرعتين متتاليتين في غضون شهر #اللهم_ارفع_عنا_البلاء_والوباء https://t.co/NSECqSBzAt 	 56
arabic/1E_favorite query:روسيا تعتزم البدء في تطعيم المواطنين ضد فيروس كورونا المستجد في أكتوبر المقبل بدءًا بالأطباء والمعلمين ثم باقى السكان تدريجيا بحسب تصريحات وزير الصحة الروسي./وكالات https://t.co/Gw3UuZq7kQ 	 20
arabic/1E_favorite query:الصين توافق على إجراء تجارب بشرية على لقاح لـ"#كورونا" للتفاصيل: https://t.co/8gDoKPp1Pg #نتصدر_المشهد #COVID19 https://t.co/XwhOXOzU3N 	 2
arabic/1E_favorite query:قوجة: سنطبق "العلاج المنزلي" لمصابي #كورونا قريبا *وزير الصحة التركي: ـ 4 شركات محلية بدأت إنتاج أدوية مضادة للفيروس ـ #تركيا أجرت 13 دراسة منفصلة حول لقاح كورونا، 3 منها في مرحلة متقدمة https://t.co/KExiIpfVYv 	 85
arabic/1E_favorite query:#عاجل | ثلاث ايام تفصل العالم عن اول لقاح معتمد لعلاج فيروس #كورونا حيث اعلنت روسيا بإنتهاء تجاربها والموافقة عليه وسيتم تسجيله بعد ثلاث ايام باذن الله 	 119
arabic/1E_favorite query:الاتحاد الأوروبي يوقع اتفاقا للحصول على 400 مليون جرعة من لقاح محتمل مضاد لـ #كورونا #جريدة_عمان https://t.co/lttYnaLI2j https://t.co/SMunR4rwOE 	 12
arabic/1E_favorite query:#سبوتنيك | روسيا تعلن عن أول لقاح ضد #كورونا وسبب التسمية اقرأ التفاصيل على https://t.co/ADKfOQ8gDl https://t.co/mpBnwb68Og 	 13
arabic/1E_favorite query:س:دكتور سبق عملت قسطرة كهرب القلب هل اخذ تطعيم كرونا وفقك الله؟ ج: نعم. 	 139
arabic/1E_favorite query:بالتزامن مع المسيرة الناجحة للتجارب السريرية للقاح #كوفيد_19.. الشيخ #عبدالله_بن_زايد ينشر فيديو يوضح مراحل تطوير لقاح #كورونا في #أبوظبي وأنت مازال بإمكانك المشاركة في المرحلة الثالثة للتجارب عبر https://t.co/4XYI0Ekj5z #لأجل_الإنسانية #تطوع_لأجل_البشرية @ABZayed @DoHSocial https://t.co/l451cqd6h3 	 25
arabic/1E_favorite query:الرئيس الروسي بوتن يعلن عن أول لقاح لفيروس سارس-كوف-2، وبحسب الخبر تلقت ابنته اللقاح كنوع من التطمين. هناك تساؤلات عن مدى فاعليته وما إذا مر بالمرحلة الثالثة. سنعرف في الأيام القادمة ما ردود العلماء على هذا التصريح. الآن ستبدأ حرب اللقاحات، اقتصاديات الدول المتقدمة ستنتعش بسببه. https://t.co/NbcH4YZiEB 	 185
arabic/1E_favorite query:#المدينة_المنورة ( الخبر يقول) #وزارة_الصحة: أكثر من مليون جرعة من لقاح #كورونا كوفيد-19 تم إعطائها حتى الآن من خلال 405 موقع للتطعيم في كافة مناطق #المملكة. ( فضل من الله ونعمه في بلاد كريمه وقادتها كرام وفقهم الله وحفظهم). https://t.co/uEUKSuZXbw 	 0
arabic/1E_favorite query:أول من حذر من مرض خطير واعتقلته السلطات بتهمة نشر شائعات ثم توفي بالفيروس.. #الصين تعتذر لعائلة مكتشف #كورونا وتمنحها تعويضا وتحاكم من اعتقلوه #العربية #أن_تعرف_أكثر https://t.co/8vivTAPSCu 	 1915
arabic/1E_favorite query:الداعية هاني رمضان، شقيق حفيد حسن البنا ورجل قطر في أوروبا طارق رمضان المتهم باغتصاب ٤ سيدات، يقول ان فيروس كورونا سببه الفاحشة ومعاشرة الرجال للنساء بالحرام. https://t.co/EW6jK91EQQ 	 65
arabic/1E_favorite query:#عاجل #وزير_الصحة: تمديد #التعليم عن بعد في حال عدم توفر لقاح #كورونا https://t.co/T4h6vQ5kBY @tfrabiah @SaudiMOH https://t.co/P4yJlwntD8 	 10
arabic/1E_favorite query:الي حابب يتطمن هذا بيل غيتس يطمئنكم مقال بلومبرغ بيزنيس ويك (المهم الموضوع بيزنس ) بيل جيتس يتحدث عن توقيت لقاح كوفيد وهيدروكسي كلوروكوين ونظرية مؤامرة الجيل الخامس https://t.co/NaeaFR8ouU 	 7
arabic/1E_favorite query:#بوتين يعلن ظهور لقاح ثان ضد #كورونا في سبتمبر المقبل https://t.co/68VGS5iTgM 	 15
arabic/1E_favorite query:المشرف على بحث لقاح #كورونا للمملكة: اللقاح قيد الدراسة في #الأردن صيني المنشأ #عاجل #هنا_المملكة 	 73
arabic/1E_favorite query:@MonaJAlOmar @salrashed و لكن لأننا نملك جهاز مناعه معقد وهبه الله لنا لا نمرض منها،Covid-19 إلى الآن لا علاج و لا تطعيم و رغم ذلك التشافي عالي جداً يتجاوز 95% فالسر في دعم جهاز المناعه،في العمق الموضوع أضخم من ذلك و لكن بسطته بطريقه للفهم اسهل،المواد الحافظه للقاح مصيبه أخرى للجهاز العصبي،بالتوفيق.. 	 19
arabic/1E_favorite query:بيان #مديرية_الطيران_المدني عن رحلة الخطوط القطرية #طهران #بيروت بقول كانت حاملة “جثمان من كندا وبريد سياسي” بينما البيان القطري الرسمي بقول “خالية من أي بضائع أو ركاب” مطلوب من المسؤولين عنا توضيح... مش ناقصنا فضايح وتناقض ممكن يزيد عدم الثقة بزمن #كورونا 	 518
arabic/1E_favorite query:الخدمات الطبية تدشن حملة #حصّن_لتأمن لتقديم لقاحات كورونا لمنسوبي قطاعات وزارة الداخلية. https://t.co/uFfxPDDe3t 	 22
arabic/1E_favorite query:منظمة الصحة العالمية تحذر من أن لقاح فيروس كورونا وحده لن ينهي الجائحة:"لا يمكننا العودة إلى ما كانت عليه الأمور" سمعتوا؟ اللقاح وحده لن ينهي الجائحه! اللي ناطرين التطعيم على نار شرايكم بكلام WHO؟؟ https://t.co/kvkDWnkPMS 	 113
arabic/1E_favorite query:الفروقات بين انواع #لقاح_كورونا https://t.co/2tiOC6f3jg 	 19
arabic/1E_favorite query:#سبوتنيك_فيديو | أبرز أخبار اليوم بوتين يعلن تسجيل أول لقاح ضد فيروس #كورونا في العالم إثيوبيا تصدر بيانا بشأن توقف مفاوضات سد النهضة وتؤكد أنها "الحل الوحيد" #العراق: انفجار عبوة ناسفة أثناء مرور رتل تابع لقوات التحالف الدولي https://t.co/SWiVH019AO 	 11
arabic/1E_favorite query:ذكرت وكالات أنباء محلية أن وزير الصحة الروسي ميخائيل موراشكو يجهز لحملة تطعيم جماعي ضد فيروس #كورونا في أكتوبر بعد استكمال التجارب السريرية لأحد اللقاحات. و اضاف ان معهد جاماليا البحثي التابع للدولة في موسكو استكمل التجارب السريرية للقاح ويجري حاليا الاستعداد لإجراءات تسجيله. 	 23
arabic/1E_favorite query:🛑 تعليقي / مستحيل الرئيس الروسي يصرح مثل هذا التصريح ويضع سمعة الطب الروسي العريق علي المحك ويكون اللقاح غير ناجح 💯💯✌️ 👇 https://t.co/Cu67d0CgKY 	 3
arabic/1E_favorite query:وحول ما يتردد بأن اللقاح الروسي يجد حربًا من دول كبرى كـ أمريكا وبريطانيا والمانيا لتشويه سمعته،هذا لا شك فيه كون أن الهدف من إيجاد لقاح مضاد لـ #كورونا لم يكن إنسانيًا بقدر ما هو تسابق سياسي واقتصادي. ولكن في الوقت نفسه،لا يمكن اغفال مرحلة التجارب السريرية والتي لم تذكرها روسيا. 	 11
arabic/1E_favorite query:بوتين يعلن انتاج اول لقاح لكوفيد١٩ ويقول ان ابنته تلقت اللقاح https://t.co/JhIdnVZfqs 	 46
arabic/1E_favorite query:متى يتعين عليك تجنب أخذ لقاح فيروس #كورونا. #نلتزم_لننتصر #معا_نهزم_كورونا #اخترت_التطعيم https://t.co/kYTjr8u9oE 	 36
arabic/1E_favorite query:متطوعون يشاركون في تنظيم المرحلة الثالثة من تجارب لقاح #كورونا غير النشط في #أبوظبي، والمتطوعون يتلقون اللقاح وفق خطوات واضحة، معربين عن ثقتهم بالجهود الحكومية وتعاملها الاحترافي مع الأزمة حرصاً على صحة وسلامة المجتمع #لأجل_الإنسانية https://t.co/3baWwOqD9c 	 1
arabic/1E_favorite query:المنطقة الصناعية القديمة في #قطر تقود الدولة إلى كارثة حقيقية بسبب تهرب ورفض العمال لإجراءات العزل، تحتل قطر أعلى عدد إصابات بوباء #كورونا من بين دول الخليج، ولازال يصر مسؤولي الحكومة على توجيه الإعلام لمهاجمة دول المقاطعة هربًا إلى الأمام بدلًا من حفظ وحشد الجهود لمواجهة الكارثة 	 553
arabic/1E_favorite query:بانتظار اللقاح.. الإعلان عن أول عقار في العالم ضد فيروس كورونا والمنتِج شركة أدوية بولندية #كورونا #وباء #لقاح #بولندا https://t.co/eOLmVxO7nc 	 9
arabic/1E_favorite query:#زيمبابوي : 🔴 في إطار الأبحاث العلمية لإيجاد لقاح مضاد لفيروس #كورونا قام مختبر #زيمبابوي بتجارب سريرية على 80 متطوع منهم 40 شخص مصاب بفيروس covid 19 و 40 آخرون في صحة جيدة لكن بعد أسبوع من تطعيمهم حدثت الكارثة حيث توفي 68 شخص من أصل 80 و الباقي يتواجدون في العناية المركزة. https://t.co/3rE3xyCcf4 	 2
arabic/1E_favorite query:لقاح بريطانيا اثبت نجاحه لعند توة والجسم دار اجسام مضادة ضد كورونا ومصر اول دولة عربية اتفقت على حصولها لجرعات منه مازال تجارب معينة وبريطانيا تبدا في انتاجه في شهر 9 في حد عنده معلومة إذا كان تم التواصل مع اكسفورد بيش يتم توفيره هنا ولا مازال؟ https://t.co/dg7pSTR8ff 	 81
arabic/1E_favorite query:🔴#عاجل وزير الصحة: -تقييم الدراسة عن بُعد خلال الـ5 أسابيع الأولى من الدراسة إما بالتمديد أو حضورياً في حال توفر لقاح كورونا -المملكة⁩ حريصة على توفير اللقاح فور التأكد من سلامته المزيد هنا: https://t.co/7CoOL8jwqE #التعليم_عن_بعد #فيروس_كورونا #المملكة #العام_الدراسي https://t.co/rKWyMzHneA 	 9
arabic/1E_favorite query:#عكاظ ترصد أحدث الدراسات العلمية وتطورات «ماراثون اللقاح» (2 من 2) دواء «العجز الجنسي».. معجزة ! #كورونا @OKAZ_online https://t.co/UDhczBryMk 	 4
arabic/1E_favorite query:#أنفوجرافيك | تبلغ فعالية لقاح "سبوتنيك-في" 91.6% ضد كورونا المصحوب بأعراض https://t.co/SqW4oJSdBZ https://t.co/qRe77QZlcE 	 1
arabic/1E_favorite query:#المغرب يخوض سباق إنتاج لقاح #كورونا بالتعاون مع #الصين https://t.co/pULK62nX3N 	 44
arabic/1E_favorite query:مبتكر اللقاح ضد فيروس كورونا -إلناز إماتدينوف عمره 30 سنة نال درجة الدكتوراه في علوم الفيروسات والتحق عقب ذلك بمركز مكافحة الفيروسات والتكنولوجيا الحيوية بالقرب من نوفوسيبيرسك، حيث يعمل منذ حوالي ست سنوات وعندنا في البلاد عمره45 سنة وجل كتاباتة عن حرية المرأة ودع المخلوق للخالق https://t.co/As4u2eTHgw 	 7
arabic/1E_favorite query:الرئيس ترمب يقول ان ١٠٠ مليون جرعة من لقاح فيروس كورونا ستتوفر قبل نهاية العام و٥٠٠ مليون جرعة بعد ذلك. 	 88
arabic/1E_favorite query:#ترمب يعبر عن اعتقاده أن لقاح فيروس #كورونا سيكون جاهزا بحلول نهاية العام https://t.co/Zl5KLQh5hr 	 137
arabic/1E_favorite query:دفع لقاح Covid-19 من oderna المرضى إلى إنتاج أجسام مضادة يمكنها تحييد الفيروس الذي يسبب المرض، على الرغم من أنه تسبب في آثار جانبية طفيفة في العديد من المرضى، وفقًا لأول البيانات المنشورة من تجربة الدورة الأولى من المرحلة التجريبية. 	 190
arabic/1E_favorite query:حتى وإن لم تكن هنالك فعالية عالية ، إذا لقاح Moderna أو اللقاح الصيني منع ظهور الأعراض الشديدة او الوفاة فلا يضر شراءه واستعماله كل هذا يعتمد على نتائج المرحلة الثالثة التي ستظهر قريباً - 8 لقاحات الآن في المرحلة الثالثة https://t.co/GjOqNwbeyg (11/11) 	 6
arabic/1E_favorite query:الرئيس الاميركي دونالد ترمب: الجيش الاميركي مستعد لتوزيع لقاح فيروس كورونا فورا حال انتاجه. https://t.co/q94ipA1qN1 	 41
arabic/1E_favorite query:#خادم_الحرمين_الشريفين يصدر أمره بمنع التجول للحد من انتشار #فيروس_كورونا الجديد ابتداءً من الساعة الـ 7 مساءً وحتى الساعة الـ 6 صباحًا لمدة ( 21 ) يومًا من مساء يوم الأثنين 28 رجب 1441هـ، الموافق 23 مارس 2020م. https://t.co/3sWPFPkJxo #واس_عام https://t.co/WgSLt0sVWw 	 0
arabic/1E_favorite query:وقال الدكتور أنتوني فاوتشي، مدير المعهد الوطني للحساسية والأمراض المعدية في #أميركا، إنه يشك بجدية في أن #روسيا أثبتت أن لقاحها آمن وفعال، وأضاف في مقابلته مع شبكة ABC News، "آمل أن يكون الروس قد أثبتوا بالفعل وبشكل قاطع أن اللقاح آمن وفعال... أشك بشدة في أنهم فعلوا ذلك" #كورونا https://t.co/uJicZ289Cm 	 8
arabic/1E_favorite query:عاجل | الرئيس الأمريكي: سنهزم فيروس كورونا ونطور لقاحات ضده قد تكون جاهزة قبل نهاية العام 	 5
arabic/1E_favorite query:انا يوم شفت قطر قدمت هبة لقاحات للجزائر علمت أن هنالك صفقة الجزائر ستساعد اردوغان على احتلال ليبيا...وقطر تقف معها إعلاميا. تريدون دليل؟ الجمعة الماضية خرج ملايين الجزاىرين في كل أرجاء البلاد يطالبون بإسقاط حكم العسكر لم تنشر الجزيرة ولو لقطة واحدة مما حدث. فهمنا اللعبة. 	 106
arabic/1E_favorite query:أسواق الأسهم تستعد للافتتاح مع تصحيح صغير للأسفل من المقرر أن تفتتح الأسهم الأمريكية على انخفاض طفيف متخلية فقط عن بعض المكاسب التي تحققت في ارتفاع حاد يوم الاثنين كان مدفوعًا بالموافقة على لقاح جونسون آند جونسون وتمرير قانون التحفيز من خلال مجلس النواب #forex #Burency #Bitcoin https://t.co/ERP4FFBL78 	 44
arabic/1E_favorite query:إنفاذا للإجراءات الاحترازية المعمول بها في البلاد منعا لانتشار فيروس كورونا (كوفيد-19)، الجهات المختصة تضبط 10 أشخاص خالفوا اشتراطات العزل الصحي المنزلي وفقا لتعهد التزموا من خلاله بتطبيق تلك الاشتراطات المحددة، حيث أفادت وزارة الصحة العامة بأنه جار إحالتهم للنيابة المختصة. #قنا 	 857
arabic/1E_favorite query:#الاخبار_الحلوه #روسيا تعلن عن تسجيل أول لقاح لفيروس #كورونا في العالم بعد نجاحه بالمراحل التجريبية. https://t.co/cFrTRps3NZ 	 138
arabic/1E_favorite query:الصين: لقاح #فيروس_كورونا سيكون في الأسواق بنهاية 2020 - يكلف 140 دولارا وسيتم إعطاؤه في جرعتين كل 28 يوما https://t.co/FoMF3xTBxn 	 24
arabic/1E_favorite query:غدا تبدا المرحلة الاخيرة من لقاح موديرنا ضد فيروس كورونا 	 276
arabic/1E_favorite query:#جائحة_كورونا الاسبوع1-السنة2 📈موجة التفشي الوبائي2 تفعيل إستراتيجية القيد والاحتواء #حظر_جزئي تفعيل إستراتيجية التمنيع الجمعي #تطعيم_كورونا الأهم هو ضبط التطبيق لقصر أمد الأزمة. #الكويت # https://t.co/8z4DHdoVPx 	 0
arabic/1E_favorite query:موافقة وزارة الصحة الروسية على اللقاح الروسي لكورونا. خبر جميل يبعث على التفاؤل. #كورونا تحت أقدام الدب الروسي 	 10
arabic/1E_favorite query:فيديو | د. عبدالله المطيري: لا يوجد في العناية المركزة أي حالة تلقت تطعيم #كورونا بشكل كامل https://t.co/Mm2zm5PIsr #كورونا_الكويت #لقاح_كورونا https://t.co/1pUj6F1LVv 	 41
arabic/1E_favorite query:مركز غاماليا الروسي للأوبئة: لقاح "سبوتنيك-في" اعتمد تقنية اختبارات متوازية تقلص مدة ظهور النتائج https://t.co/iHDtFUnGw5 #rtarabic #لقاح_كورونا #اللقاح_الروسي #كورونا #كوفيد #كوفيد_19 #لقاح 	 16
arabic/1E_favorite query:رجل أمن يوجه نصيحة لشبان خرجوا في رحلة برية متجاهلين التحذيرات المتكررة. #كورونا https://t.co/AWyZKhIh2S 	 2174
arabic/1E_favorite query:🔴#عاجل ⁧وزير الصحة⁩: سنقيّم فكرة الدراسة عن بُعد خلال الخمس الأسابيع الأولى من الدراسة إما بالتمديد أو حضورياً في حال توفر لقاح كورونا https://t.co/ev8RZhulAL #التعليم_عن_بعد #فيروس_كورونا #المملكة #العام_الدراسي https://t.co/yRalO07wnn 	 3
arabic/1E_favorite query:#مع_الحكيم لقاح "أوكسفورد" يبشر بالخير وقد يصبح أول لقاح لفيروس #كورونا 💊 💉 #كوفيد19 #covid19 #coronaupdate #corona https://t.co/xZko7fYezo 	 4
arabic/1E_favorite query:هكذا يتم إجراء فحص #كورونا، بأخذ مسحة "عينة" يتم ادخالها عن طريق الأنف كما هو موضح في الصورة... شعور نتمنى أن لا يجربه أحد. لذا #الجلوس_في_البيت و #التباعد_الاجتماعي هما أفضل طرق الوقاية حتى الآن، لأن أي لقاح محتمل سيتطلب 12-18 شهر قبل أن يكون متوفر للناس https://t.co/ATfjCSKmwW 	 37
arabic/1E_favorite query:الصحة العالمية: 172 دولة تتعاون للحصول على لقاحات #كورونا للتفاصيل: https://t.co/zxsq13Q9Kd #نتصدر_المشهد #COVID19 https://t.co/A9RBeEXYar 	 2
arabic/1E_favorite query:إنترفاكس: #روسيا بدأت إنتاج لقاح لكوفيد-19 https://t.co/aUewhdmvOH #COVID19 	 8
arabic/1E_favorite query:ما هي أكبر عقبة أمام زيادة معدل انتاج لقاحات #كورونا؟ وهل الوعود بانتاج مليار جرعة بنهاية 2021 منطقية؟ كبير المحللين الطبيين في شبكتنا @drsanjaygupta يلقي نظرة فاحصة على خطة تصنيع وتوزيع لقاح "جونسون آند جونسون" الجديد https://t.co/hpd5Hq1PD7 	 15
arabic/1E_favorite query:دكتور سانجاي غوبتا يشرح شكوكه حول اللقاح الروسي قائلا: بالطبع لن آخذ هذا اللقاح! #Russian_vaccine #SanjayGupta #Covid19 #CNN https://t.co/3Tl6Z766OH 	 3
arabic/1E_favorite query:وزير الصحة اليوناني: ستتلقى #اليونان حوالي 3 ملايين جرعة من لقاح #فيروس_كورونا الذي تطوره جامعة أكسفورد وشركة الأدوية "أسترازينيكا" الرابط البديل: https://t.co/DcmIc5vMjN https://t.co/KsDTQhEakD 	 4
arabic/1E_favorite query:الصحة العالمية: التوصل إلى لقاح آمن وفعال ضد #كورونا قريبًا https://t.co/DP4JGerVm6 	 5
arabic/1E_favorite query:أخبار سارة... أعلنت روسيا أن لقاح فيروس كورونا المستجد (كوفيد-19)، الذي طوره مركز «غماليا»، سيتم تسجيله بحلول 12 أغسطس الجاري.  وقال نائب وزير الصحة الروسي، أوليغ غريدنيف، في تصريحات له، إن «العمل جار حالياً لإعداد كميات كبيرة من اللقاح». المصدر: الأنباء https://t.co/gxmeicOwIB 	 4
arabic/1E_favorite query:#عاجل | الرئيس الروسي يعلن تسجيل أول لقاح في العالم لفيروس #كورونا https://t.co/WqgZ4BtqCN 	 303
arabic/1E_favorite query:#روسيا تعلن إنتاج أول دفعة من اللقاح المضاد لفيروس #كورونا #جريدة_الراية | #سلامتك_هي_سلامتي | https://t.co/2fEnd5mj07 	 7
arabic/1E_favorite query:س: هل سيتم حجري في حالة مشاركتي متطوعاً في التجارب السريرية للمرحلة الثالثة من اختبار تطعيم الكورونا ؟ ج: لا ، ليست هناك حاجة للحجر #لأجل_الإنسانية 	 18
arabic/1E_favorite query:اللقاح الروسي المضاد لـ #فيروس_كورونا تم تسجيله "رسميا" كأول لقاح والصيني في التجارب الاخيرة في عدة دول. واللقاحات الامريكية والبريطاني قريب جدا. السؤال: لو افترضنا لابد من اخذ اللقاح ... اي من هذه اللقاحات تعتقد انه فعال واكثر أماناً ولن تتردد في اخذه؟! 	 4
arabic/1E_favorite query:بشرى.. ولله الحمد والمنة مركز الملك عبدالله العالمي للأبحاث الطبية توصل إلى لقاح خاص بفيروس #كورونا_الجديد والنتائج إيجابية بفضل من الله وحده.. وقريبا سيعلن عنه… https://t.co/oki7X4Vds9 	 5076
arabic/1E_favorite query:السعودية: تجاوزنا مليونًا و100 ألف جرعة معطاة من لقاح كورونا https://t.co/tZZ20mXO6h 	 1
arabic/1E_favorite query:#أثير| وزير الصحة: متواصلون مع شركات كبرى حول لقاح #كورونا @OmaniMOH https://t.co/6JEx4klQTW 	 60
arabic/1E_favorite query:لقاح «#كورونا» يدخل مرحلة التجربة على البشر في #الصين #عاجل #عكاظ #ان_تكون_اولا #تطبيق_عكاظ #كورونا #corona https://t.co/nrh4eHTfjd 	 12
arabic/1E_favorite query:#الشبيبة| خبراء ينصحون بأخذ لقاح الإنفلونزا الموسمية حاليًا لتخفيف أزمة #كورونا https://t.co/IkYpJZmfkH 	 27
arabic/1E_favorite query:ارتفاعات كبيرة فيمؤشرات الأسواق المالية العالمية أوروبا واليابان بعد اعلان خبر لقاح فايروس #كورونا من روسيا واعلانه بكلمة متلفزة على لسان الرئيس الروسي بوتين شخصيا..... 👇👇👇 https://t.co/K9K2EF2FH1 	 1
arabic/1E_favorite query:أعلن الرئيس الروسي فلاديمير بوتين أن بلاده طورت "أول" لقاح يوفر "مناعة مستدامة" ضد فيروس #كورونا المستجد #اندبندنت_عربية_تغنيك https://t.co/lMQQYkoSAA 	 221
arabic/1E_favorite query:16-كعلامة على من يعمل حقًا في اتجاه مؤامرة الكابال وكيسنجر وروتشيلد، أن العميل رئيس الوزراء الكندي ترودو قال يوم الخميس إن الكنديين لا يمكنهم العودة إلى الحياة الطبيعية كما كانوا يعرفون ذلك قبل جائحة فيروس كورونا الجديد إلا عندما يكون اللقاح متاحًا. 	 73
arabic/1E_favorite query:نرجع نستبشر مرة أخرى يقول الدكتور ايرك "لدينا بالفعل لقاحات ضد الفيروس ونعلم بالفعل أنها آمنة بما يكفي للاختبار في 30 ألف شخص. الآلاف يموتون لذا بعد التفكير مؤخرًا ، أوافق على مقولة زميلي ؛ الناس يستحقون اخذ اللقاح المبكر إذا اختاروا ذلك مع الاستمرار في تجارب المرحلة الثالثة" https://t.co/xtUAWbBf40 	 51
arabic/1E_favorite query:وقبل أيام، أعلنت وزارة الصحة توقيع اتفاق بين #مصر و# الصين لتصنيع لقاحات ضد فيروس كورونا ستبدأ الشهر المقبل، على أن تصبح مصر مركزا لإنتاج اللقاح في إفريقيا. #كورونا #covid19 https://t.co/gqpZdWonaC 	 106
arabic/1E_favorite query:#عاجل  وزيرة الصحة د.حنان الكواري تبلغ القيادة القطرية بأن وضع الوباء خرج عن السيطرة في #قطر ، عدد الحالات التي تصل الى المستشفيات يومياً في قطر مايقارب100 حالة كورونا ، وتطالب بتدخل القيادة العليا . لاحول ولاقوة الا بالله . https://t.co/UPeqyUZuR0 	 148
arabic/1E_favorite query:روسيا تُبشر العالم... الإنتهاء من تطوير لقاح مضاد لفيروس كورونا! #Russia #coronavaccine #COVID19 https://t.co/J9AtcmUKKh 	 10
arabic/1E_favorite query:لكل لقاح Covid19 أعراض جانبيه ولكل حاله ملقحه ظروفها وآثارها المختلفه فجديد مودرنا اللقاح المنافس لفيزر الأمريكي ظهرت بعض الاعراض المقلقه من حساسيه جلديه تدوم حوالي11 يوم مع بعض الآلام الموضعيه حول اللقاح ولذلك طبقاً لدراسات وإحصائيات تراقب الاثار والأعراض لجميع اللقاحات العامله https://t.co/KLjlC0rXWV 	 1
arabic/1E_favorite query:#متحدث_الصحة: انتهاء الجائحة يكون بالإعلان الرسمي عبر المنظمات المختصة ، ولا زال الفيروس نشط وإعلان انتهاء فيروس #كورونا مرتبط بوجود لقاح أو علاج. #سناب_الخرج_لايف https://t.co/4vv0huxLYg 	 2
arabic/1E_favorite query:شركتان ألمانية وأمريكية تعلنان الوصول للمرحلة الأخيرة من التجارب على لقاحات محتملة لفيروس #كورونا .. فهل اقتربت نهاية الأزمة؟ https://t.co/aNjCxS93r0 	 106
arabic/1E_favorite query:#روسيا: 20 دولة قدمت طلبات للحصول على لقاح " #سبوتنيك" المضاد لـ #فيروس_كورونا #كورونا https://t.co/Ohox71hrHa 	 53
arabic/1E_favorite query:💥تصريح هام جدا.. "يمكنني أن أعلن أن اللقاح الناتج عن الدراسة بجامعة أكسفورد سيختبر ع البشر منذ يوم الخميس" أشاد وزير الدولة للصحة البريطاني "بالتقدم السريع" والجهود التي قامت بها كلا من جامعتي إمبريال وأكسفورد لمحاولة إنتاج لقاح #COVID19 https://t.co/jQOLH0n2Kq 	 2
arabic/1E_favorite query:شفاء 4 حالات من المصابين بفيروس كورونا المستجد، ليصبح عدد المتعافين 43 حالة. حمى الله الجميع من كل شر 	 5674
arabic/1E_favorite query:من يجب تطعيمه أولاً حال وصول لقاح كوفيد 19؟ #كورونا https://t.co/0vEuAVHFQt 	 19
arabic/1E_favorite query:بحسب منظمة التجارب السريرية، فإن #اللقاح_الروسي لم يتم تجربته في الأصل، إلا على أقل من 100 شخص في #روسيا، بحلول الأول من أغسطس، واستخدامه على نطاق واسع، قد يكون محفوفا بمخاطر عدة، فيما دافع رئيس صندوق الاستثمار الروسي المباشر، عن اللقاح #إرم_نيوز #بوتين #كورونا #RussianVaccine https://t.co/lIn9sIqDTm 	 10
arabic/1E_favorite query:تاريخ الخبر واضح، أول يوم من سنة 2020... الشرطة الصينية في وهان تعتقل 8 أشخاص بتهمة ترويج شائعات عن وجود وباء ينتشر. جريمة #الصين بحق العالم لا تغتفر . #فيروس_كورونا #COVIDIOTS 	 1963
arabic/1E_favorite query:الدكتوره ستيلا تغرد من جديد لمن لايعرفها حققت هذه الطبيبه من تكساس نسبه تعافي 100% في علاج ٣٥٠ مريض #كورونا وتقول لو جرى تعميم بروتوكول الدكتور #ZelenkoProtocol فسنوقف الوباء ولاحاجه لإغلاق او تطعيم او تباعد او كمامات اخذت الهايدروكسي #كلوركين كوقايه وهي تباشر الحالات https://t.co/gZG1mlBUuF 	 3
arabic/1E_favorite query:منظمة الصحة العالمية: طلبنا بيانات عن فعالية اللقاح الروسي و نحن نفهم أنه اجتاز الاختبار الأولي على البشر #روسيا #كورونا https://t.co/xSZffO5VzZ 	 16
arabic/1E_favorite query:ابنة الرئيس الروسي تتلقى اللقاح الذي اعلن عنه اليوم فلاديمير بوتين كأول لقاح لفيروس #كورونا https://t.co/rtPQanoHYf 	 113
arabic/1E_favorite query:السعودية للقاحات الطبية توقع اتفاقا مع "سونا نانوتكنولوجي" للتعاون في مجال تطوير وإثبات فعالية اختبار تشخيصي حديث لكورونا https://t.co/3gELd4yPkO #السعودية #كورونا #لقاح https://t.co/SedLghNpuv 	 22
arabic/1E_favorite query:أصدرت #الصين براءة اختراع للقاح مطور محليًا وذلك مع استمرار السباق نحو تطوير لقاح ضد فيروس #كورونا المستجد وإنتاجه بكميات كبيرة في جميع أنحاء العالم، وشارك في تطوير اللقاح شركة كانسينو بيولوجيك وأكاديمية العلوم الطبية العسكرية الصينية. https://t.co/nT0oGMUgZ2 	 7
arabic/1E_favorite query:#ترمب الوقح عرض مليار دولار على #ألمانيا لشراء حقوق ملكية لقاح ألماني ضد فيروس #كورونا على أن يقتصر استغلاله في أمريكا فقط؛ فجاءه الرد الغاضب من وزير الاقتصاد الألماني قائلا: "ألمانيا ليست للبيع". 	 264
arabic/1E_favorite query:وداع كورونا في ايطاليا ان شاء الله يكون آخر وداع الشغله دي بدون اكتشاف علاج او لقاح مامضمونه https://t.co/Z6DIxircrp 	 1
arabic/1E_favorite query:مركز لقاحات كورونا بمستشفى القوات المسلحة بالقصيم يستهدف 600 مستفيد يوميًا. #واس_عام https://t.co/pyADveeCIJ 	 41
arabic/1E_favorite query:سلطنة #عمان تخطط لاستيراد لقاح #فيروس_كورونا #كوفيد_19 الذي أعلن عنه الرئيس الروسي فلاديمير #بوتين #روسيا. المصدر : تايمز أوف عمان https://t.co/WrhtGfGy9M https://t.co/QF3GIOzOwV 	 10
arabic/1E_favorite query:روسيا تعلن عن إنتاج أول لقاح ضد فيروس كورونا بعد نجاح التجارب السريرية ويعد ذلك فاتحة خير للبشرية جمعاء وحتى تتضح الأمور أكثر وحتى يصل اللقاح إلى دولة قطر ليستفيدمنه المواطن والمقيم ننصحكم بالبقاء في منازلكم وعدم الخروج إلا للضرورة ندعوا الله تعالى بالشفاء للمصابين والعافية لكم 	 5
arabic/1E_favorite query:الرئيس #ترمب يعيد التغريد عن تقرير بريطاني بشأن نجاح اختبارات #جامعة_أوكسفورد حول لقاح #كورونا .. إذا مرت المرحلة الثالثة والنهائية من الاختبارات بنجاح فسيكون #اللقاح متوفراً في الأسواق في سبتمبر https://t.co/2xUSprb0Wi #العربية 	 105
arabic/1E_favorite query:#كورونا.. لقاح فايزر وبيونتك في مرحلته النهائية..💊 لتخطي الحجب https://t.co/gtgLe5Xp6S للمزيد https://t.co/X1CYuOBZiH #covid19 	 2
arabic/1E_favorite query:معركة تطوير لقاحات انطلقت والاقتصادات تتراجع على وقع انتشار كوفيد-19 #كورونا #لقاحات #فيروس https://t.co/diGwI1STcE 	 14
arabic/1E_favorite query:معلومات عن لقاح كوفيد ١٩ الامريكي الذي تم الإعلان الأسبوع الماضي فقط عن بدء تجربة المرحلة الثالثة من تجربة شركة مودرنا للقاح "mRNA-1273". وستشمل التجربة مشاركة 30 ألف بالغ في 89 موقعاً للبحوث السريرية في جميع أنحاء الولايات https://t.co/RLkmU7YqhA 	 4
arabic/1E_favorite query:رئيس وزراء أستراليا يتراجع عن قراره باجبارية لقاح #كورونا https://t.co/hLXedGuTKW 	 1
arabic/1E_favorite query:#روسيا توافق على عرض #قطر بعمل تجارب سريريه على مواطنيها بعد تمكن الدب الروسي من إيجاد لقاح ل #كورونا #قطر_تدعم_حزب_الله https://t.co/I37oEig1mR 	 13
arabic/1E_favorite query:نتعاون مع شركة صينية لعمل 9 مليون اختبار لـ #كورونا وجميع اللقاحات التي استخدمت آمنة ولن نعتمد لقاح الا بعد التأكد من سلامته الدكتور توفيق الربيعة حصريا للـ #العربية #السعودية #الصين @tfrabiah @SaudiMOH @khalid76 https://t.co/OuHgP5qvmG 	 34
arabic/1E_favorite query:فيديو | #منظمة_الصحة_العالمية تشكك في اللقاح الروسي ضد #كورونا #الإخبارية https://t.co/tiHQj2sV4s 	 35
arabic/1E_favorite query:أميركا تبرم أكبر صفقة للحصول على لقاح #كورونا ... صفقة بأكثر من 2 مليار دولار لشراء 100 مليون جرعة من Sanofi و GSK https://t.co/SJuLKgj6QS 	 28
arabic/1E_favorite query:وتحدث كذلك وزير الصحة الألماني ينس سبان، اليوم الأربعاء، إن اللقاح الروسي لمرض «كوفيد-19» الناجم عن فيروس كورونا المستجد لم يختبر على نحو كافٍ، مضيفاً أن الهدف هو ابتكار منتج آمن وليس أن يكون بلد ما الأول في توفير لقاح للناس فحسب. #الرؤية_بلا_حدود https://t.co/KzdY0RItLP 	 2
arabic/1E_favorite query:عاجل..  وزارة الصحة:  تسجيل ٢٠٥ حالات جديدة بفيروس كورونا.  #الصحة #السعودية #كورونا 	 6887
arabic/1E_favorite query:ترمب: قد يتوفر لقاح كورونا قبل الانتخابات #ترامب #كورونا #أميركا #انتخابات @elaph https://t.co/QtFN0ku5QU 	 0
arabic/1E_favorite query:د. زكريا بن يحيى البلوشي استشاري الإلتهابات والأمراض المعدية بالمستشفى السلطاني عبر #الشبيبة: 🔸موضوع اللقاح الروسي فيه الكثير من الغموض.. 🔸هذا أغرب تحصين سمعت عنه في حياتنا الطبية.. رابط اللقاء كاملًا: https://t.co/xo4MJ7hHZ4 @ZakAlBalushi #كورونا #روسيا https://t.co/RcYWRf1VLn 	 36
arabic/1E_favorite query:#واشنطن تستثمر مليار دولار في لقاح تطوره «جونسون أند جونسون» ضد #كورونا • شريطة الحصول على 100 مليون جرعة وقد تزيد إلى 300 مليون • المبلغ يرفع قيمة استثمارات أميركا إلى 9.4 مليار دولار في مشاريع #اللقاحات https://t.co/C8WAaJaPaV 	 3
arabic/1E_favorite query:#الصحة_العالمية تشكك في اللقاح الروسي: لا يمكن إنتاج أي لقاح لفيروس #كورونا قبل اكتمال مرحلتي الاختبار الثانية والثالثة https://t.co/IeL6J0ji1W #العربية 	 40
arabic/1E_favorite query:#بشرى_سارة_____حصرية لجميع #أمراض_المناعة_الذاتية لقد نشرنا منذ أيام قليلة منشور مفاده بأن #كورونا ستكون السبب في ثورة لايجاد علاج لأمراض الاعصاب والمناعة واليوم تم اعلان ضمن #مؤتمر_طبي ضخم في روسيا بأنه تم التوصل إلى #لقاح لعلاج ) وانه قريبا سيتم التوصل للقاح #التصلب_المتعدد 	 16
arabic/1E_favorite query:وزارة الصحة العامة تؤكد أن ما تم نشره حول توفير تطعيم مجاني ضد فيروس #كورونا غير صحيح ولكن التطعيم المجاني سيكون للأنفلونزا الموسمية #قطر #Qatar https://t.co/xkHuzIeBFp 	 6
arabic/1E_favorite query:٤ جنود من اوكرانيا من أصل ١٥ لقوا حتفهم بعد تجربه تطعيم كوفيد-١٩ لشركه Moderna و ٨ منهم في حاله حرجه!! لماذا يتم التعتيم على هذه الاخبار في الاعلام الرسمي؟! حتى يجهل عامه الناس عواقب التطعيم ويسهل خداعهم بأخذ تطعيم لمرض نسبه الشفاء منه ٩٩.٩ ! https://t.co/JcX590yHi1 	 203
arabic/1E_favorite query:من المفارقات السياسية الساخرة في الوقت الذي تعلن فيه #روسيا عن أول لقاح ضد #فيروس_كورونا تُصرح #الصين عن مرض خطير أشد فتكاً من #كورونا! تعليقي: لا أكثر قبحاً من الحرب الإعلامية سوى الحرب البيولوجية ولا أشد فتكاً بالعالم من التوظيف السياسي للإعلام سوى التوظيف السياسي لصحة البشر! 	 33
arabic/1E_favorite query:ملف قوانين حقوق الانسان و التطعيم و اللقاح === كلمات محرك بحث حرية الحقوق لقاح تطعيم كورونا https://t.co/xacTPv1Gda 	 1
arabic/1E_favorite query:فيديو | طبيب يؤكد لـ #الراصد: لقاح #كورونا بريء من وفاة الممثل الكويتي #مشاري_البلام https://t.co/bqSe556wKI 	 110
arabic/1E_favorite query:⭕️هذه هي "شريحة الدجال" التي سيحاولون فرضها على مواطني العالم، في اقرب وقت ممكن بقوة القانون لاستعبادهم و التحكم بهم جينيا: بيل غيتس ينفي ان انخراطه في جهود ايجاد مصل لعلاج فيروس كورونا هدفه زرع شرائح إلكترونية للتعقب في اجساد البشر من خلال لقاح https://t.co/zCxyfUizU7 	 11
arabic/1E_favorite query:روسيا تعلن رسمياً بأنها ستختبر لقاح فيروس كورونا على 40 ألف شخص. . . روسيا 	 16
arabic/1E_favorite query:منذ لحظة إعلان #بوتين عن جاهزيته.. جدل يُثار حول لقاح "سبوتنيك" الروسي.. وخبراء ودول أوروبية تشكك بفعاليته وبالمعلومات المتوافرة عنه #كورونا #العربية https://t.co/iGPFxu0jKQ 	 15
arabic/1E_favorite query:تغريدة تحاول #الدوحة من خلالها تبرير خيانتها للبنان بنقلها مرض #كورونا لبنان تصدر الاغنام!! بالتأكيد الدوحة لاتسعى لرأي لبنان العام فهي لم تضع له وزن لأن من ينقل الموت لهم لن يهتم لما دونه ولكنها تحاول التبرير لبعض من في #قطر رهانها في ذلك قلة مداركهم.  #قطر_تنقل_كورونا_الى_لبنان https://t.co/fOta5bbLYZ 	 474
arabic/1E_favorite query:د. #منصف_السلاوي المكلف من قبل الرئيس ترمب لإدارة تحالف الهيئات الحكومية والخاصة لاكتشاف لقاح مضاد ل #فيروس_كورونا كان عضوا بمجلس إدارة شركة #موديرنا منذ ٢٠١٧ ولغاية تعيينه بهذا المنصب قبل أيام. أي أنه في حال نجاح اللقاح، للدكتور منصف دور في ذلك. 	 163
arabic/1E_favorite query:المملكة المتحدة تستثمر 18 مليون دولار في مصنع اسكتلندي لإنتاج لقاح ضد #كورونا #جريدة_الراية | #لأجل_قطر_كلنا_في_البيت https://t.co/gYIHyuhoWk 	 2
arabic/1E_favorite query:ارهاب فكري لإجبار الشعب على تطعيم تجريبي تحت عنوان حماية المطعمين للاسف ما زال فينا بقايا البعث وداعش https://t.co/KLjLa7pvPE 	 182
arabic/1E_favorite query:صندوق الاستثمارات الروسي الذي يمول لقاح ضد كورونا وهو في مراحله الأخيرة : السعودية طلبت منا شراء اللقاح عند اكتماله https://t.co/cjCUCsci4P 	 0
arabic/1E_favorite query:وزارة الصحة تبدأ اليوم الخميس في تطعيم المواطنين بلقاح سينوفارم الصيني على مستوى محافظات الجمهورية، موضحة أنها ستبدأ الحملة بكبار السن وأصحاب الأمراض المزمنة #مصر https://t.co/SLOziHxO7N 	 64
arabic/1E_favorite query:#الصحة تعلن عن تسجيل (٤٨) حالة إصابة جديدة بفيروس #كورونا الجديد (كوفيد١٩) كالتالي: - من بين الحالات الجديدة حالات ارتبطت بالسفر ، و (٥) حالات لممارسين صحيين وإداريين في منشأة صحية خاصة بالرياض، وهم بدون أعراض صحية، وتم إجراء العزل، وإغلاق المنشأة احترازياً. 	 8577
arabic/1E_favorite query:أعلنت وزارة الصحة الإماراتية، السبت، أن مجموع ما قدمته من جرعات اللقاح المضادة لفيروس كورونا المسبب لمرض "كوفيد-19"، تجاوز 6 ملايين جرعة، لتكون الأولى عربيا والثانية عالميا في توزيع اللقاح على السكان. #تطعيم_كورونا 	 69
arabic/1E_favorite query:#شاهد روسيا تسجل اول لقاح ضد فيروس كورونا https://t.co/gQSAmztTTt 	 6
arabic/1E_favorite query:دولة عربية تجرب اللقاح الروسي الجديد ل #كورونا #صدى_البلد #البلد https://t.co/NSIHIVJlW8 	 7
arabic/1E_favorite query:#مع_الحكيم مودرنا على أعتاب آخر مرحلة من لقاح #كوفيد_19 في خطوة طال انتظارها في سباق اللقاحات العالمي. سيتم اختبار اللقاح، الذي طورته المعاهد الوطنية الأمريكية للصحة وشركة Moderna مودرنا على 30.000 متطوع والتي ستبدأ في هذا الشهر.. التفاصيل 👈 https://t.co/KyTzJgsMVp #كورونا https://t.co/fuuElHJ1gL 	 2
arabic/1E_favorite query:الأكثر إثارة للإعجاب.. لقاح نوفافاكس يظهر نتائج واعدة ضد كورونا https://t.co/xCqPEQXTfB #كورونا https://t.co/o9lbXFI3pr 	 11
arabic/1E_favorite query:تجارب لقاح "كوفيد-19" غير النشط بالدولة تتخطى حاجز 5 آلاف متطوع للتفاصيل: https://t.co/xe9cGd1gxQ #نتصدر_المشهد #انت_مسؤول #COVID19 https://t.co/8wBM6gio2Y 	 3
arabic/1E_favorite query:الصين تقول ان لقاح فيروس كورونا تختبره شركة سينوفاك بايو تيك تجاوز المرحلة الثانية من التجارب بنجاح وهو اساس جيد لتوسيع تجربته واستخدامه في حالة الطوارئ - وسائل اعلام صينية 	 254
arabic/1E_favorite query:خبراء ينصحون بأخذ لقاح "متوفر" حاليا لتخفيف أزمة كورونا #Covid19 #كورونا #corona #كوفيد_19 https://t.co/Q8NOO4sKcW 	 0
arabic/1E_favorite query:مترجم حصريا | هذه هي رسالة الطاقم الطبي اﻹسباني لكل العالم... ابقوا في منازلكم!!  #كورونا #COVID19 https://t.co/TJgAlThP0o 	 4951
arabic/1E_favorite query:#عاجل #الشبيبة| روسيا تعلن الانتهاء من تطوير لقاح ضد #كورونا https://t.co/1icPG1ZKjX 	 39
arabic/1E_favorite query:جهاز المناعة يكتشف #كورونا .. قبل الإصابة به • الخلايا التائية تحمينا مثلما يفعل #اللقاح https://t.co/I7a8c5vfNV 	 13
arabic/1E_favorite query:الصين: لقاح #فيروس_كورونا سيكون في الأسواق بنهاية 2020 https://t.co/SaCKwMthNU 	 4
arabic/1E_favorite query:امتدح دولة رئيس مجلس الوزراء الجهود الكبيرة ودرجة التنسيق العالي خلال الفترة الماضية بين فِرَق وزارة الصحة الاتحادية وآلية الكوفاكس ومنظمة اليونيسيف لتأمين وصول 820 ألف جرعة من لقاح الكورونا كدفعة أولى من حوالي 3 ملايين و400 ألف جرعة من المتوقع أن تصل للبلاد يوم غدٍ الأربعاء... https://t.co/oPOBIOjqkH 	 107
arabic/1E_favorite query:بيانات مبكرة تظهر أن لقاح "كوفاكسين" المطور محلياً في #الهند، فعال بنسبة 81% ضد فيروس #كورونا https://t.co/pMZ21lpeKa 	 15
arabic/1E_favorite query:لقاح غير مكتمل، افضل من لا لقاح بالمرة!! هذا مايروج له بروسيا وخاصة بعد اعلان بوتين عن انتاج لقاح لفايروس #كورونا وفي الحقيقة ان "اللقاح الغير مكتمل أسوأ من عدم وجود لقاح" الفيروس المستخدم في #اللقاح_الروسي هو فيروس adenovirus وهي طريقة قديمة جدا لانتاج اللقاحات 2️⃣ 	 2
arabic/1E_favorite query:استشاري أمراض معدية يوضح فعالية اللقاح الروسي ضد فيروس #كورونا https://t.co/O5vyE3O7D4 	 7
arabic/1E_favorite query:#وزارة_الصحة ستنفذ في الدراسة السريرية للقاح ضد فيروس #كورونا المستجد على 5000 متطوع كحد أدنى من الأصحاء من خلال: -المجموعة الأولى سيُعطون جرعات منخفضة من اللقاح -المجموعة الثانية فهي مجموعة التحكم الذين سيعطون اللقاح منزوع المواد الفعالة منه Placebo #عاصمة_الربيع https://t.co/sIIakjiQJt 	 2
arabic/1E_favorite query:عاجل مسؤولين في منظمة الصحة العالمية ارسلوا تحذير لنظام قطر بعد ان رفضت وزارة الصحة بالدوحة تجهيز مستشفى للعمالة المصابة(آسيوية وأفريقية)ب #كورونا وأمر @TamimBinHamadبمعالجة الأمر اعلامياً(غداً)ووصل عدد المصابين لأكثر من862 #حظر_تجول_اجباري_ينقذنا #تكفون_اقعدوا_في_بيوتكم #امجد_طه 	 0
arabic/1E_favorite query:🔴🔴🔴🔴🔴🔴🔴🔴🔴🔴 الرئيس الروسي فلاديمير بوتين يعلن ان بلاده سجلت أول لقاح لفيروس كورونا المستجد .... ننتظر التأكيد https://t.co/cDcGVhznPQ 	 13
arabic/1E_favorite query:▶️ #روسيا: اللقاح ضد فيروس #كورونا في مرحلة الاختبارات النهائية وتسجيله الأسبوع المقبل https://t.co/eebCNFh9gL #مركز_الأخبار https://t.co/zk2r0wthDE 	 80
arabic/1E_favorite query:@altamimi14 يالله هانت كلها سنة الا 12 ساعة وتعيد تجديد الجرعة وأنت بصحة وسلامة🧐 بعد أن كان جرعتين.. لقاح كورونا قد يكون سنوياً https://t.co/QZUQzqWcSe https://t.co/t399txdubv 	 0
arabic/1E_favorite query:الرئيس الروسي يعلن عن تسجيل بلاده أول لقاح ضد فيروس كورونا (كوفيد-19) في العالم. #قنا 	 124
arabic/1E_favorite query:عملٌ محمودٌ للتعاون على الخير للبشريّة. مسؤول روسي: شراكة استراتيجية مع #السعودية في العمل على لقاح #كورونا https://t.co/ZRCy9HzCVr 	 23
arabic/1E_favorite query:— تنويه — لمتلقي الجرعة الأولى من لقاح أوكسفورد، سيتم تحديد موعد الجرعة الثانية من خلال رسالة نصية يتم بها ذكر اليوم والوقت المحدد للموعد، وبنفس الآلية التي تم بها إبلاغكم عن موعد الجرعة الأولى. https://t.co/2ad2P66mN7 	 44
arabic/1E_favorite query:CNN: أصدر مستثمر رئيسي في شركة التكنولوجيا الحيوية الألمانية التي تعمل على لقاح فيروس #كورونا بيانا قال فيه أنه يجب أن يكون متاحا في أي مكان، دون ذكر الرئيس الأميركي ترامب. ترامب أراد أن تحتكر أميركا الدواء لنفسها وتبيعه للعالم بالسعر والشروط التي تحددها. حتى في الازمات سمسار! https://t.co/G4kaW2phOV 	 14
arabic/1E_favorite query:🔴 #وزير_الصحة د."توفيق الربيعة" :سيتم تمديد التعليم عن بعد في حال عدم توفر لقاح لفيروس #كورونا https://t.co/8N0WM1yNCj 	 4
arabic/1E_favorite query:هل حيوان اللاما ينقذ البشرية من فيروس كورونا؟؟؟ قد يساهم في تطوير لقاح بإستخدام الأجسام المضادة في جسمه، حيث اللاما قاوم فيروسين " سارس و ميرس " ونجح وسيتم إجراء اختبارات سريرية لمعرفة مدى قدرة هذه المضادات على الصمود بوجه كورونا ( صحيفة الشرق الأوسط ) https://t.co/Pwy46OplwE 	 1541
arabic/1E_favorite query:وكالة أنسا الايطالية نشرت تقرير عن لقاح جديد ل #كورونا تم تطويره من اطباء هولنديين اللقاح الجديد ينتج اجسام مضادة تهاجم البروتين اللي في الفايروس واللي يخليه يدخل خلايا الجسم ويتكاثر عن طريقها 👌🏼 اللقاح جاهز للتجارب البشرية حسب قولهم المصدر: https://t.co/fyBkIEsyzz https://t.co/PU9AKKfS59 	 86
arabic/1E_favorite query:بالرغم من ما أوحت به بعض الدراسات الحديثة من عدم استمرارية المضادات بعد الإصابة ب #كوفيد_19 لأكثر من عدة أشهر إلا أن علماء أبحاث من جامعة ييل يعتقدون بأن المناعة المستحثة من اللقاح ستدوم أطول بسبب جاهزية الخلايا المنتجة لهذه المضادات في حال تعرضها للفيروس https://t.co/ezUsLDxPSm 	 26
arabic/1E_favorite query:الحكومة البرازيلية @jairbolsonaro توقع اتفاقية مع استرازينيكا @AstraZeneca لنقل التكنلوجيا و تصنيع تطعيم 💉AZD1222 (تطعيم أوكسفورد) الاتفاقية ضمنت للبرازيل حق تصنيع💉100مليون جرعة، و مستقبل صناعة دوائية 🗓متوقع بداية تصنيع التطعيم في ديسمبر2020 https://t.co/uIzOQY3782 (277) https://t.co/9zgjx1vUDe 	 3
arabic/1E_favorite query:- ستبدأ المرحلة الثالثة من التجارب على اللقاح في #الرياض و #الدمام و #مكة - أظهرت المراحل الأولى والثانية من التجربة والتي تمت في #الصين فاعلية عالية للقاح واستجابة مناعية جيدة https://t.co/ejfN8Sj5fV 	 25
arabic/1E_favorite query:المسار | "سينوفارم" تبدأ المرحلة الثالثة من تجربة لقاح كورونا في البحرين صحيفة المسار #كورونا #عاجل https://t.co/Xo5MJFLRHu 	 2
arabic/1E_favorite query:باسل الصباح لـ #الجريدة : 1.6 مليون لقاح فيروس كورونا للكويت • كمية جيدة جداً... وباستيراد الدفعة الثانية نغطي 50% من عدد السكان • وزارة الصحة تُراجع بنود الاتفاقية مع «جافي» وتواصلتْ مع 5 شركات لتوريد التطعيم https://t.co/IcHZDCTqpv https://t.co/cex6O4g58t 	 29
arabic/1E_favorite query:وزارة الصحة الروسية منحت معهد فيدرالي لأبحاث الاوبئة تصريح إنتاج لقاح "سبوتنيك V" ضد فيروس #كورونا، على شكل مسحوق ليتم إنتاجه على شكل مادة جافة لتحضير محلول قابل لحقنه في العضل. https://t.co/B05MCYQ3X8 	 3
arabic/1E_favorite query:بتجارب سريرية.. #أميركا تعلن عن اختبار أول لقاح ضد فيروس #كورونا اليوم على 45 شخصا من المتطوعين الشباب، للتأكد من فاعليته وعدم وجود آثار جانبية له https://t.co/axuskfBe8S 	 506
arabic/1E_favorite query:قال وزير الصحة الروسي ميخائيل موراشكو يوم الأربعاء، إن #روسيا سوف تبدأ إنتاج لقاح ضد فيروس #كورونا الجديد (كوفيد-19)، خلال أسبوعين. وأضاف الوزير أن روسيا سوف تقدم اللقاح إلى الدول الأجنبية عندما يكون لديها كميات كافية. https://t.co/0Wp053Hh1j 	 11
arabic/1E_favorite query:لا أعتقد أننا سنجبر الجميع على أخذ لقاح كورونا ، ولا أعتقد أن العاملين الصحيين يمكنهم العمل...هذا كلامهم يدل أن كورونا اصبح ماضي وانتهى .ويأكد ان كورونا خلق من أجل اللقاح ..الناس تتعافي والمرض انتهى تماما من دول العالم .يعني مافيه داعي للقاح.المسرحيه انتهت https://t.co/8ybWOSNKyb 	 74
arabic/1E_favorite query:#تم | د. عبدالله القيسي - استاذ علم الفيروسات في جامعة جازان: مع اقتراب موسم الانفلونزا الموسمية؛ ولتشابه أعراض الانفلونزا مع فيروس #كورونا أشجع على أخذ لقاح الانفلونزا الموسمية. https://t.co/3MqM5UarH3 	 4
arabic/1E_favorite query:#الصين توافق على استخدام لقاح #سينوفاك لفيروس #كورونا فى حالات الطوارئ https://t.co/gBqYl1SG7V 	 23
arabic/1E_favorite query:وزير شؤون الشرق الأوسط، جيمس كليفرلي: 🇬🇧 و #قطر🇶🇦 مستمرتان بالتعاون لمكافحة فيروس #كورونا. أجريت اتصالا آخر مثمرا مع سعادة سلطان المريخي @MofaQatar_AR واتفقنا على أن التعاون والدعم الدوليين لهما دور كبير في جهود إيجاد لقاح مضاد للفيروس. @gavi @CEPIvaccines 	 13
arabic/1E_favorite query:السلاوي: لقاح #كورونا المنتظر والذي يتم تطويره حاليا في اميركا ستكون فعاليته في نطاق 90% وهو امر رائع.. وسيتوفر نهاية العام الجاري... لكن 😳 لن يشمل كافة الاميركيين الا في منتصف 21 او نهايته... فما بالك بغير الاميركيين 🤥 الجيد ان لقاحات عديدة قد تتوفر قبله لكافة الدول. https://t.co/8CwknEottb 	 24
arabic/1E_favorite query:#فيديو: ابنة #بوتين تتلقى اللقاح الذي أعلن عنه رئيس #روسيا اليوم كأول لقاح لفيروس #كورونا في العالم https://t.co/Ib0NzRzAap https://t.co/np1UDpMAv6 	 90
arabic/1E_favorite query:#شاهد لحظة إعلان الرئيس الروسي بوتين عن تسجيل أول لقاح ضد #فيروس_كورونا في العالم‼ #coronavirus #CoronavirusVaccine https://t.co/71qmqIT5XQ 	 45
arabic/1E_favorite query:بمقر المستشفى التخصصي : محافظ بني سويف يشهد بدء فعاليات تطعيم الفئات المستهدفة من أصحاب الأمراض المزمنة وكبار السن بلقاح كورونا https://t.co/Qf8jdRMlyE 	 0
arabic/1E_favorite query:الإعلان التاريخي من الرئيس الروسي #بوتين عن أول لقاح مضاد لفيروس #كورونا في العالم . #الاخبار_الحلوه . https://t.co/iewtp2mPnX 	 9
arabic/1E_favorite query:أعلن رئيس الصندوق السيادي الروسي كيريل ديمترييف، أن 20 دولة أجنبية طلبت مسبقا ”أكثر من مليار جرعة“ من اللقاح الروسي ضد #فيروس_كورونا #إرم_نيوز #روسيا #بوتين #Putin https://t.co/zLYsXjwtmb 	 6
arabic/1E_favorite query:💠عاجل 🔴الرئيس الروسي بوتين 🔸تسجيل أول لقاح ضد فيروس كورونا في العالم 🔸أعلم أنه (اللقاح) يعمل بشكل فعال للغاية، ويشكل مناعة مستقرة، وأكرر أنه اجتاز جميع الاختبارات اللازمة. يتبع https://t.co/HIvWh2ul7a 	 25
arabic/1E_favorite query:أعلنت وزارة الصحة عن تنفيذ تجربة سريرية للقاح ضد فيروس #كورونا اللقاح الصيني Ad5-nCoV تنتجه شركة CanSinoBIO هو أول لقاح تم تجربته في الصين بنجاح في المرحلة 1 على 108 متطوعا، وفي المرحلة 2 على 603 متطوعا ستشارك السعودية في المرحلة 3 في تجربته على 5000 متطوع. دعواتنا بالنجاح💚 https://t.co/gf41sb4A7t 	 18
arabic/1E_favorite query:لقاح #كورونا المرتقب .. الدول الغنية أولا #شاهد_سكاي https://t.co/RDBnHrcxI6 	 50
arabic/1E_favorite query:أعلن الرئيس الروسي فلاديمير بوتين أن بلاده طوّرت "أول" لقاح ضد فيروس كورونا المستجد مؤكداً أنه يوفّر "مناعة مستدامة". وقدمت عشرين دولة أجنبية طلبت مسبقاً "أكثر من مليار جرعة" من اللقاح الروسي. #كوفيد_19 https://t.co/lqBB8oUoCg 	 6
arabic/1E_favorite query:#ترامب يرد على انضمام #السعودية لاتفاق السلام مع #إسرائيل وصفقة F-35 لـ #الإمارات. مستشار سابق في إدارة #أوباما: الدول الغنية ستحصل حتماً على لقاح #كورونا أولاً. وغير ذلك ضمن #دقيقة_أخبار، للتفاصيل: https://t.co/BcBJjMK1ZD https://t.co/ycciMX4P2b 	 23
arabic/1E_favorite query:المفوضية الأوربية: لقاح ضد فيروس #كورونا هذا العام رابط تخطي الحجب: https://t.co/IT0ZGbz77f للمزيد: https://t.co/xTWHJQgzk9 	 4
arabic/1E_favorite query:لقاح «جديد» لـ #كورونا.. الجرعة بـ15 ريالا #عاجل #عكاظ #ان_تكون_اولا #تطبيق_عكاظ #كورونا #corona #المكسيك https://t.co/grtpoeQJw0 	 46
arabic/1E_favorite query:جرعة واحدة لا تكفي.. تحديات مُحتملة قد تواجه لقاح فيروس #كورونا https://t.co/khom58Si2B 	 35
arabic/1E_favorite query:د. ماهر حمد أستاذ الأمراض الباطنية والحالات الحرجة: #بريطانيا تقترب من لقاح جديد لـ #كورونا وأعتقد سيكون جاهزا في أكتوبر القادم https://t.co/CJoJBFgPYX 	 78
arabic/1E_favorite query:ابنة الرئيس الروسي بوتين تتلقى #اللقاح_الروسي الذي أعلن عنه بوتين اليوم كأول لقاح لـ #كورونا #كوفيد_19 https://t.co/zwjgjoKqkc 	 93
arabic/1E_favorite query:#الصحة_العالمية: من المتوقع التوصل إلى لقاح لفيروس #كورونا في نهاية العام الحالي 2020، على أن يكون متاحا للجميع في 2021. ، https://t.co/WcBWMVlnkP 	 19
arabic/1E_favorite query:هل تسرعت #روسيا في الموافقة على لقاح #كورونا ؟ https://t.co/vL2JxMRiUo 	 18
arabic/1E_favorite query:#عاجل كيف حصل هذا التسارع(يتبع) القاحات ستكون جاهزه ل #كورونا #كوفد١٩ خلال أشهر قليله 💎أكثر من ٧٠ لقاح تحت الاختبار عالميا 💎 ١٤ لقاح أمريكي تحت التجربه السريرية 💎لقاح جامعه أكسفورد في مرحلة فحص المضادات الحيوية عند المتطوعينvaccine efficacy tests وقد يعتمد خلال ٤ أشهر https://t.co/NXEqdgvC1x 	 61
arabic/1E_favorite query:Gam-COVID-Vac adenovirus-vectored anti-SARS-CoV2 vaccine #تطعيم #كورونا المثير للجدل .. تطعيم معهد غامالِيا الروسي لأبحاث العلوم والمايكروبيولوجي بالتعاون مع وزارة الدفاع الروسية 🇷🇺 #Russia https://t.co/WhISGP6yEE 	 23
arabic/1E_favorite query:فإن لم تفلح كل المحاولات في ايجاد علاج او لقاح فعالين ضد فايروس(SARS_1).بعد اكثر من 17 سنة على ظهوره. فكيف سيفلحون في ايجاد لقاح ضد ڤايروس Covid_19 بهذه السرعة؟!! علما ان انتاج لقاح فعال يحتاج الكثير من الابحاث والوقت لاختبار فعاليته وامانه في نفس الوقت. 	 15
arabic/1E_favorite query:بريطانيا : عملية إنتاج لقاح فيروس كورونا مع "ووكهارت" ستبدأ الشهر المقبل https://t.co/S8fJEDDx2e 	 45
arabic/1E_favorite query:قال الدكتور خورخى نويل باريتو، منسق الاستجابة لتصدي لجائحة #كورونا في كابو فيردي: "نحن نهدف الى تطعيم ما لا يقل عن 60% من السكان". بدعم من المؤسسة الدولية للتنمية @WBG_IDA، ستشتري الدولة وتوزع #اللقاحات، فإن الاستعداد للقاحات هو إحدى الأولويات الرئيسية: https://t.co/OC12ALQjpF https://t.co/g4v3VuPYkJ 	 8
arabic/1E_favorite query:#الصحة تعلن عن تسجيل(٧٠)حالة إصابة جديدة بفيروس #كورونا الجديد(كوفيد ١٩) كالتالي: - تسجيل(١١)حالة قادمة من كل من المغرب، الهند، الأردن، الفلبين، بريطانيا، الإمارات، سويسرا، وقد تم عزلها مباشرة من المطار إلى الضيافة في العزل الصحي، الذي أثبت فاعليته في التصدي لنقل العدوى داخليًا. 	 7170
arabic/1E_favorite query:السلطات الصحية في تونس تعلن عن البدء في تطوير لقاح ضد فيروس كورونا (كوفيد-19) ما زال في المراحل قبل السريرية حسب مدير معهد باستور التونسي. تأتي الخطوة تزامناً مع تصاعد الإصابات التي سجلت رقماً قياسياً بأكثر من 100 حالة يومياً منذ قرار فتح الحدود وبدء موسم السياحة. https://t.co/DxSwgKvOa2 	 44
arabic/1E_favorite query:15000 متطوع من 107 جنسيات يشاركون في تجارب "لقاح كوفيد-19" للتفاصيل: https://t.co/eUWJLiaomi #نتصدر_المشهد #نلتزم_لننتصر #CommitToWin #COVID19 https://t.co/0Zzops7htv 	 5
arabic/1E_favorite query:أخيراً! #روسيا تعلن عن تسجيل أول لقاح لفيروس #كورونا في العالم بعد نجاحه بالمراحل التجريبية، حيث سيتم تطعيم الفئات الأكثر تعرضاً للمرض من العاملين في المجال الطبي، وكبار السن أولاً https://t.co/E75qsZDKff 	 199
arabic/1E_favorite query:#خبر_عاجل للمدافعين عن #ترامب الحكومة الألمانية تحاول ان تُوقف محاولات ترامب إغراء شركة ألمانية خاصة بالمال لتنقل بحوثها الى أمريكا. الشركة بصدد إيجاد لقاح ل #فيروس_كورونا وترامب يريده لأمريكا فقط بحسب تقرير رويترز https://t.co/GMxh9TCUll 	 173
arabic/1E_favorite query:#الهند تكشف نسبة فاعلية لقاح "كوفاكسين" ضد #كورونا قالت شركة الأدوية الهندية بهارات بيوتيك: إن التحليل المؤقت المكون من 3 مراحل لتجارب لقاح "كوفاكسين" الذي تنتجه الشركة ضد "كوفيد-19"، أظهر أن فاعليته في الوقاية من المرض تبلغ 81% #عينك_على_العالم https://t.co/BSvEuo4qw9 	 10
arabic/1E_favorite query:اللقاح الصيني في السعودية: (١) 📌نشرت نتائج المرحلتين في مجلة لانست الطبية المحكمة والشهيرة "النتائج في تغريدة السابقة 📌المرحلة 1 أجريت في مارس 108 متطوعًا والمرحلة 2 في أبريل 603 متطوعًا 📌باستخدام فيروس البرد العادي المعدل لنقل المادة الوراثية من فيروس كورونا لجسم الإنسان https://t.co/fvItVdkyiK 	 4
arabic/1E_favorite query:@TariqAldowaisan 🔴 لقاحات من المرجح أنها ستنزل السوق خلال ١٨ شهر أو أقل من بداية كل مراحل التجارب السريرية لن يكتمل فيها تتعب المشاركين لمدة سنوات لمعرفة عما إذا كان هناك مضاعفات 🔴 بالتحديد هذا ما ذكره جوكر الصحة العامة و الممول الأول لمنظمة الصحة غيتس 👇🏻 https://t.co/b4xShoYp6N https://t.co/J5huytrtTu 	 1
arabic/1E_favorite query:- اللقاح، وهو لقاح مضاد للفيروسات الغدية يسمىAd5-nCoV ، تم تطويره بالاشتراك مع شركة الأدوية الحيوية الصينيةCanSino Biologics Inc. ، مع فريق بقيادة خبير الأمراض المعدية العسكري الصيني Chen Wei https://t.co/R4TvnSvvYh 	 12
arabic/1E_favorite query:الرئيس الأميركي: لدينا 3 لقاحات ضد #كورونا في المراحل النهائية من الاختبارات https://t.co/G4vNW2aVeo 	 66
arabic/1E_favorite query:📌#وزير_الصحة 📌صحة: عدد مرضى #كورونا في إنخفاض ولدينا أسرة فارغة 📌صحة: معهد باستور لديه علاقة مباشرة مع المعاهد التي تشتغل على إيجاد #لقاح_لكورونا 📌صحة: هناك 5 معاهد وصلت للمرحلة الثالثة من تجريب لقاح كورونا فيروس 📌صحة: #الجزائر ستحصل على اللقاحات فور توفرها https://t.co/6GdgyKechg 	 89
arabic/1E_favorite query:خططوا منذ قديم و إختاروا عام 2020 لبداية العمل الفعلي لتقليص عدد سكان الأرض بالقوة. فعملوا بأكبر عملية إيحائية عرفتها البشرية ( فيروس كورونا ) لكي يوهموهم بأن المنقذ هو اللقاح..وقد أعدوا ما أعدوا فى لقاح الشيطان اللعين جل خبرتهم.. قد يقتلوا ثلث سكان الأرض و تساندهم ال 5G.. https://t.co/CBnFvxeBsp 	 195
arabic/1E_favorite query:ليش اللقاح الصيني مو فايزر ؟ حسب الاطلاع والاستفسار عن الحقيقه، الموضوع كالتالي (حار ومكسب ورخيص) فايزر طلبت من العراق تصويت مجلس الوزراء ومجلس النواب بخصوص الوفاة بعد اللقاح واستحقاق الدفعات لذلك اتجه العراق الى الصين سؤال/المسؤولين منيلهم لقاحات يوزعون بيهن صار اسبوع لمقربيهم؟ 	 959
arabic/1E_favorite query:#مبس و #مبز أخطر على العالم من فيروس #كورونا كورونا قتل الآلاف اما هم أشد فتكاً فقتلوا مئات الآلاف في #اليمن و #ليبيا ودول عده نشروا مرض الكوليرا لمئات الآلاف في #اليمن ومنعوا الأدوية والغذاء عنهم سجونهم مليئة بآلاف المظلومين الأولى إيجاد لقاح يخلص البشرية منهم 	 11
arabic/1E_favorite query:#ورد_الآن | وكالة إنترفاكس: روسيا بدأت إنتاج لقاح #كورونا #هنا_المملكة 	 51
arabic/1E_favorite query:#السبلة_العمانية / أول دفعة من لقاح #فيروس_كورونا ستتوفر خلال أسبوعين #روسيا #صباح_الخير https://t.co/gj6P7XF28S 	 13
arabic/1E_favorite query:بعد وصول 3 لقاحات لمراحل واعدة.. علماء إسبان يطورون رذاذا يرش في الفم يمنع انتقال #كورونا إلى الرئة #العربية https://t.co/V4cUe1lkZ5 	 111
arabic/1E_favorite query:الإعلان قبل قليل عن أول لقاح مضاد لـ #كورونا في العالم، وقد أتى من #روسيا ، والروبل الروسي ومعها البورصة الروسية شهدت ارتفاع كبير قبل قليل. https://t.co/SSG33spoCb 	 8
arabic/1E_favorite query:ابنة الرئيس الروسي #بوتين تتلقى اللقاح اليوم كأول لقاح لـ #فيروس_كورونا في العالم. ، https://t.co/jPP9UbD7dM 	 499
arabic/1E_favorite query:حقائق عن لقاحات #كوفيد_19: لا يوجد ما يسمى بالتحفيز المفرط للجهاز المناعي. فأجسامنا مجهزة تجهيزاً جيداً لمواجهة العديد من الميكروبات ونحن نفعل ذلك كل يوم! @WHOEMRO https://t.co/lbw6IjFjrK 	 12
arabic/1E_favorite query:استشاري #مصري من موسكو: اللقاح #الروسي لعلاج #كورونا فعّال بنسبة 100%.. فيديو #صدى_البلد #البلد https://t.co/ZTNppd83pj 	 8
arabic/1E_favorite query:opportunistic infection هي عدوى بسبب مسببات عادة لا تحدث عدوى في جهاز مناعي سليم واسبابها كالتالي ؛ سوء التغذية وجود عدوى حالية علاج كيماوي وهكذا وليست لقاحات. ماذكره اخصائي المختبر مردود عليه وخطأ لا يغتفر وفلسفة تستطيع تفنيدها كبسة زر في محركات البحث. اعوذ بالله من علم لاينفع 	 34
arabic/1E_favorite query:- خبر رائع وهام جدآ .. "لقاح #كورونا المصري،سيتم العمل علي التجارب السريريه من المرحله الثالثه في غضون أسبوعين" - الفريق البحثي بصدد التحضير للدفعة الأولى من جرعات اللقاح بعد تصنيعه للدخول في التجارب السريرية على عدد كبير من المتطوعين،يتراوح بين 10 إلى 15 ألف شخص.. #تحيا_مصر✌️🇪🇬 https://t.co/LH3xY2PfFe 	 273
arabic/1E_favorite query:زوجان ألمانيان من أصل تركي يقدمان للعالم أول لقاح لفيروس #كورونا بدمغة صنع في ألمانيا من خلال شركتهما #بيونتاك بمدينة #مانتتس وتقدر قيمة شركتهما الآن ب12 مليار أورو ومن المستثمرين فيها بيل غيتس، صباحا تهاتفهما القيادة الصينية ومساء البيت الأبيض https://t.co/MG8oj6R1RQ 	 13
arabic/1E_favorite query:اللي كانوا بيتهمونا بأننا مرضى نظرية المؤامرة ... العالمة جودي قالت بلسانها ان جيتس ولقاحاته ومن وراءه (الأليموناتي ) هدفهم تقليل عدد البشرية .. يعنى قتل اكبر عدد من سكان الأرض ودا بيشمل جميع أنواع اللقاحات مش بس لقاح ال Covid 19 https://t.co/lVKyJGDenP 	 20
arabic/1E_favorite query:اتهم الرئيس الأمريكي إدارة الغذاء والدواء بـ"العمل على إبطاء تجارب لقاحات فيروس كورونا وتأخيرها لما بعد الانتخابات الأمريكية، في وقت تجاوزت فيه وفيات كورونا 800 ألف شخص حول العالم https://t.co/DGpb7UqfmT 	 52
arabic/1E_favorite query:#روسيا تخطط لتسجيل أول لقاح لفيروس #كورونا في العالم في 12 أغسطس https://t.co/39x9q1OoV8 	 64
arabic/1E_favorite query:أهالي #طنجة في الشمال المغربي يرتقون أسطح بيوتهم يجأرون إلى الله بالتكبير والتهليل والدعاء عسى الله أن يرفع الوباء ويزيل الغمة   #كورونا  #المغرب https://t.co/FbOuUVeIQX 	 12053
arabic/1E_favorite query:#ألمانيا و #الصين تباشران في اختبار #لقاح محتمل مشترك ضد #كورونا #فيروس_كورونا #كوفيد_19 #بوابة_الأخبار https://t.co/Fc4UOaZF5I 	 3
arabic/1E_favorite query:مع العلم يخوان انه اللقاح هذا تبع سينوفارم الصينية بس احنا العرب بنموت بالمسميات وشوفة الحال https://t.co/vAUTc7ciU1 	 8
arabic/1E_favorite query:#الشبيبة بأقل من قيمته و "لفترة محدودة"...شركة مودرنا تعلن سعر لقاح #كورونا https://t.co/c9tQ1JG0Ec 	 29
arabic/1E_favorite query:لقاح #كورونا.. أمان لك ولعائلتك  بادر في حجز موعدك عبر تطبيق #صحتي ▫️الصحة المدرسية بـ #تعليم_نجران https://t.co/0OTLPjbTbD 	 73
arabic/1E_favorite query:أعلن الرئيس الروسي #فلاديمير_بوتين اليوم الثلاثاء عن تسجيل أول لقاح ضد فيروس #كورونا في العالم. https://t.co/K8ZDsI18Hp 	 22
arabic/1E_favorite query:🛑غير صحيح واللقاح لجميع الأعمار والرئيس بوتين عمرة اكثر من ٦٠ عام واخذ اللقاح وجميع من اخذ اللقاح تبدأ اعمارهم من 18 الي 80 عام والجميع يعلم ان الاطفال لا يصابون في فيروس كورونا 👇 https://t.co/KIH5FFiDc0 	 4
arabic/1E_favorite query:منظمة الصحة العالمية: لم تصلنا كامل المعلومات بشأن اللقاح الروسي لفيروس كورونا ولا يمكننا تقييمه بعد #عاجل #كورونا #هنا_المملكة 	 58
arabic/1E_favorite query:احدى طائرات الشحن القطرية القادمة من إيران تحمل على متنها مرضى بفيروس كورونا بغطاء تبرعات طبية مكدسين فوق بعضهم تهبط بمطار بيروت بالقوة تحت حماية حزب الله .. https://t.co/YdwpaL9Eqd 	 131
arabic/1E_favorite query:جرعة واحدة لا تكفي.. تحديات مُحتملة قد تواجه لقاح فيروس #كورونا https://t.co/khom58Si2B 	 35
arabic/1E_favorite query:#اخبار_العالم #روسيا تُبشر العالم.. الانتهاء من تطوير لقاح ضد #كورونا https://t.co/g2Lq2VAGuG 	 51
arabic/1E_favorite query:كوريا الجنوبية تحقق في وفاة شخصين بعد أيام من تلقيهما لقاح #استرازينيكا المضاد لفيروس #كورونا https://t.co/6CcxP72c2f 	 6
arabic/1E_favorite query:فاوتشي: لقاح «جونسون» يُعجّل من القضاء على كورونا https://t.co/BBokI1Yc2e https://t.co/P9eqqud3aE 	 10
arabic/1E_favorite query:بعد١٢ ساعة من اخذ لقاح #استرازينكا ١-حرارة بسيطة وتشعر ببرودة بالجسم ٢-كسل/خمول/تعب/إرهاق وكثرة النوم (تزيد عن ١٢ ساعة)+ صداع خفيف ٣-ضيق تنفس بسيط ٤- الم بالمفاصل/العظام/اسفل الظهر/مكان الابرة العلاج : حبتين بنادول او فيفادول 	 32
arabic/1E_favorite query:استقالة كبير أطباء الصدرية في روسيا بسبب مخاطر لقاح كورونا أفادت صحيفة "ديلي ميل" البريطانية بأن كبير أطباء الجهاز التنفسي في روسيا استقال للاستعجال في انتاج لقاح ضد فيروس كورونا. https://t.co/S3DmL7nUmc 	 59
arabic/1E_favorite query:عـاجل | #بوتين يعلن عن تسجيل أول لقاح ضد فيروس #كورونا في العالم بوتين يكذب وترامب كذب قبله وتحت الجائحة التي تغزو روسيا بشكل مرعب خرج ليعلن كذبته الكبري أمهلوا الكذاب ثلاثة أشهر أخرى لنرى مصداقية اللقاح الروسي المزعوم 	 14
arabic/1E_favorite query:قدمت دولة الامارات 7965 جرعة جديدة من لقاح كورونا و جارى انتاج المزيد من الجرعات التطعيمية لتوزيعها على كل الشعوب العربية لمكافحة الفيروس. https://t.co/U9thvEf7AH 	 35
arabic/1E_favorite query:فيروس كورونا: فرنسا تتراجع عن موقفها بشأن لقاح أسترازينيكا لمن تجاوزا 65 عاما الحكومة الفرنسية تتراجع عن موقفها السابق بشأن عدم السماح للأشخاص الذين تجاوزت أعمارهم 65 عاما بالحصول على لقاح أسترازينيكا. https://t.co/ILdT5L8fz2 	 0
arabic/1E_favorite query:🛑 عاجل : بوتين يرد على العالم بشأن اللقاح الروسي ويقول: "مناعة دائمة" ضد فيروس كورونا بسم الله نبدأ 👇 	 14
arabic/1E_favorite query:📍#الاخبار_الحلوه أخيراً #روسيا تعلن عن تسجيل أول لقاح لفيروس #كورونا في العالم بعد نجاحه بالمراحل التجريبية حيث سيتم تطعيم الفئات الأكثر تعرضاً للمرض من العاملين في المجال الطبي وكبار السن أولا وستكون متوفرةلجميع المواطنين الروس قريبا ومن دون مقابل الطبي https://t.co/IQeCxAIw8l 	 192
arabic/1E_favorite query:مركز غاماليا الروسي للأوبئة: لقاح "سبوتنيك-في" اعتمد تقنية اختبارات متوازية تقلص مدة ظهور النتائج https://t.co/iHDtFUnGw5 #rtarabic #لقاح_كورونا #اللقاح_الروسي #كورونا #كوفيد #كوفيد_19 #لقاح 	 16
arabic/1E_favorite query:علماء ينصحون بمنح لقاحات الإنفلونزا لأكبر عدد ممكن من الأشخاص قبل بداية موسم الشتاء لمنع اتحاد نزلات البرد و"كوفيد-19" على المناعة #كورونا #COVID19 #نلتزم_لننتصر #CommitToWin https://t.co/XZ42R4rEKy 	 7
arabic/1E_favorite query:🌍🌍🌍الأرض ثابتة ☀️ ومستقرة🌍🌍🌍 الترجمة: لذلك ... تدرس جامعة ييل عقول الأمريكيين لإعدادهم لقاح COVID. القناع ، والإبعاد الاجتماعي ، والإغلاق ، ودورة الأخبار ... جزء من الغرض المقصود هو إرهاقك عقليًا وجعلك تقبل حلهم المتسارع للفيروس. https://t.co/xz6WUcKAoG 	 1
arabic/1E_favorite query:#الأردن يعلن عن انتهاء المرحلة الأولى من إنتاج لقاح ضد #كورونا ووزير الصحة يصرح أن قدرات بلاده الصحية زادت بنسبة 30% خلال الجائحة https://t.co/rC25sqbMZB https://t.co/ZjkXpaI3xd 	 130
arabic/1E_favorite query:الرئيس الروسي فلاديمير بوتين عن نجاح بلاده في انتاج اول لقاح خاص بفيروس #كوفيد_19 #روسيا #كورونا https://t.co/XX8ZuOt6wm 	 0
arabic/1E_favorite query:أبشركم بأمل لقاح #كورونا قرب جداً ومصدره الصين متفوقة على اللقاحات الأخرى متجاوزاً مرحلتين اختبارية والآن في مراحله التجريبية الأخيرة بأكثر من دولة وهنا تجربة في الامارات وتحديداً بالعاصمة أبو ظبي. *متفائل جداً #ترجمات_عبدالله_الخريّف https://t.co/1WmLI1CJTo 	 4848
arabic/1E_favorite query:روسيا بوتين تسجّل أول لقاح مضاد لفايروس #كورونا في العالم.. ربما تكون نافذة أمل وسط كل هذا الركام.. 	 175
arabic/1E_favorite query:من سيحصل على لقاح #كورونا أولاً ؟ #كوفيد١٩ https://t.co/YHdXcwRI2W 	 8
arabic/1E_favorite query:وزارة الصحة تعلن عن البدء بالمرحلة الثالثة التجارب السريرية على لقاح لفايروس #كورونا #نواصل_بعزم #فريق_البحرين https://t.co/5wh92H0mER 	 11
arabic/1E_favorite query:مفاجأة .. “الصحة الروسية” تحذر من اللقاح الذي أعلن عنه بوتين لعلاج فيروس #كورونا – Aljasra News – #الجسرة_الإخبارية https://t.co/ksWHizvvZv 	 6
arabic/1E_favorite query:الأعراض الجانبيه بعد الجرعة الأولى من لقاح أكسفورد (٣٠٪) تكون ضعف اللي تحدث مع لقاح فيزر (١٥٪) هذه الأعراض تشمل الصداع و التعب و ألم مكان الحقنه و يكون بسبب تفعيل جهاز المناعه و لا يجب الخوف منها بس الأعراض الحانبيه بالجرعة الثانيه تكون أقل من فيزر ( حبايب) #التطعيم_حمايه https://t.co/yDbG3weQfP 	 118
arabic/1E_favorite query:بعد إعلانه تسجيل روسيا أول لقاح ضد #كورونا.. #بوتين: ابنتي من أوائل الذين لُقحوا به لتفاصيل أكثر: https://t.co/ZxuWtTZgou #الشرق #AsharqNews #فيروس_كورونا https://t.co/LAULJECQGf 	 21
arabic/1E_favorite query:#ورد_الآن | #روسيا تستعد لحملة تطعيم ضد فيروس كورونا في تشرين الأول بعد استكمال التجارب السريرية لأحد اللقاحات #عاجل 	 55
arabic/1E_favorite query:روسيا تعلن الانتهاء من تطوير لقاح ضد #كورونا وموعد التطعيم السكاني أعلن وزير الصحة الروسي ميخائيل موراشكو عن انتهاء التجارب السريرية في مركز غامالي للقاح ضد فيروس كوفيد-19. وقال الوزير للصحفيين اليوم: "تم إنجاز الاختبارات السريرية على لقاح ضد عدوى الفيروس التاجي #الكعبة_تجمعنا 	 3
arabic/1E_favorite query:الاغلب يسمع هالايام عن لقاح اكسفورد وفايزر، تحت التغريدات بوضح الفرق بينهم واي واحد فيهم الأفضل، الثريد بيكون من جانب علمي .. نبدأ اولاً ب لقاح اكسفورد “oxford astrazeneca”، ولحد يستغرب اذا قلت انه يستخدم تقنية ڤايروس مقدمة لقرد الشمبانزي اصلاً 💁🏻‍♂️ .. 	 274
arabic/1E_favorite query:🇷🇺 روسيا تسجل أول لقاح ضد فيروس كورونا المستجد https://t.co/VnvfrMS13A A.G 	 3
arabic/1E_favorite query:سجلت حملة «لأجل الإنسانية» إنجازاً نوعياً من جهة يث السرعة والكفاءة في تسجيل المتطوعين وفحصهم ومشاركتهم تجارب اللقاح غير النشط الذي طورته شركة «سينوفارم سي إن بي جي» الرائدة عالميا في تصنيع اللقاحات #بوبساي #العلوم_للعموم #كورونا #الإمارات https://t.co/TINf4oGTsY 	 0
arabic/1E_favorite query:تونس تبدأ تطوير لقاح ضد "#كورونا" للتفاصيل: https://t.co/lFsdaiqsKk #نتصدر_المشهد #COVID19 https://t.co/RLYg514AjM 	 4
arabic/1E_favorite query:أطلقت #روسيا موقعًا إلكترونيًا حول لقاح فيروس #كورونا. وتقول إن الإنتاج الكمي سيبدأ الشهر المقبل، وأبدت 20 دولة على الأقل رغبتها في الحصول عليه ، بما في ذلك #الهند و #البرازيل و #المكسيك 	 33
arabic/1E_favorite query:«Pfizer» و«BioNTech» اتفقتا على تزويد #اليابان بـ 120 مليون جرعة من لقاح #كورونا المُحتمل • الشركتان لم تكشفا عن التفاصيل المالية للصفقة • شروط الاتفاقية ستستند إلى حجم الجرعات وتوقيت التسليم https://t.co/I4tl3pcIG9 	 7
arabic/1E_favorite query:هل يكون "الخبر السعيد"؟.. موعد "رائع" لاستخدام لقاح #كورونا في #أميركا https://t.co/Tf9i7BYmJJ 	 54
arabic/1E_favorite query:#العراق يحجز لقاح فيروس #كورونا لـ 20% من سكانه https://t.co/5XNp5qxa3y 	 11
arabic/1E_favorite query:منظمة الصحة العالمية تؤكد أنها لا تملك المعلومات الكافية عن اللقاح الروسي المضاد لكوفيد 19 https://t.co/6YnSKMkqut #كورونا 	 1
arabic/1E_favorite query:#إسرائيل تستعد لإجراء تجارب #لقاح فيروس #كورونا المستجد على البشر #لقاح_كورونا #كوفيد_19 #بوابة_الأخبار https://t.co/Qu57hspru1 	 2
arabic/1E_favorite query:بوتين أعلن عن تسجيله بعد مرور أقل من شهرين على بدء الاختبارات البشرية.. لقاح #كورونا الروسي يثير مخاوف بشأن السلامة والفاعلية #العربية https://t.co/fIfyftvd9T 	 40
arabic/1E_favorite query:#لوسيل | #فيديوجرافيك Sputnik – V لقاح روسي جديد لعلاج #كورونا https://t.co/BIX0TyQuRM 	 2
arabic/1E_favorite query:الرئيس الروسي يعلن أنه تم تسجيل أول لقاح لـ #كورونا بالعالم في روسيا ، لم يحظى اللقاح طوال فترة التجارب على تغطية كاللقاح البريطاني والاميركي والصيني . https://t.co/lSiFcRVxrl 	 3
arabic/1E_favorite query:احتجاجات في كوريا الجنوبية ضد لبس الكمامات و التباعد الإجتماعي و لقاح بيل جيتس و مؤامرة ال Covid 19 https://t.co/d5yTM8HPhP 	 12
arabic/1E_favorite query:50 ألف جرعة من لقاح "سينوفارم" هدية من الصين إلى شعب لبنان تمر مرور الكرام لو كانت شحاطة إصبع من أميركا لتصدرت الشاشات والنشرات ووضعتموها على رؤوسكم للتبرك 	 5
arabic/1E_favorite query:متحدث #الصحة: لا يمكن لمن أخذ اللقاح مخالطة المصابين فهذا الأمر خطير وقد يعرضه للمخاطر https://t.co/x0zIsDCZiJ #وزارة_الصحة #فيروس_كورونا #لقاح_كورونا https://t.co/7QfwEMtUaH 	 5
arabic/1E_favorite query:روسيا تبدأ تجارب لقاح "سبوتنيك في" ضد فيروس كورونا على 40 ألف شخص الأسبوع القادم 	 2
arabic/1E_favorite query:فاوتشي يحذر بشأن فعالية لقاح #كورونا https://t.co/3V1i7A8EHb 	 1
arabic/1E_favorite query:آخر خبر : هناك مفاوضات بين الصندوق الروسي للاستثمار الذي يمول اللقاح الروسي ضد #كورونا والسعودية بشأن انتاج اللقاح داخل المملكة للسوق السعودي وربما الأسواق المجاورة 	 0
arabic/1E_favorite query:السلطات الإيطالية تعلن بدء تنفيذ تجارب لقاح محتمل ضد فيروس #كورونا على البشر. https://t.co/tRU36DaUQ5 	 10
arabic/1E_favorite query:فيديو | تكريسا لنهجها القائم على الوقوف مع الشعوب أينما كانوا.. دولة #الإمارات ترسل لقاحات مضادة لفيروس #كورونا إلى #تونس، وفرحة كبيرة عمت أوساط التونسيين مقدمين الشكر للإمارات وشعبها مثمنين هذه الخطوة عاليا #ليكن_خيارك_التطعيم #يدا_بيد_نتعافى #عينك_على_العالم https://t.co/ls4bjQWPAB 	 25
arabic/1E_favorite query:#بريطانيا تعلن توصلها لاتفاق مع شركة "ووكهارت" لتسريع إنتاج لقاح #كورونا https://t.co/jOqh1XJLmP 	 67
arabic/1E_favorite query:#عاجل - روسيا تعلن عن تسجيل أول لقاح ضد كورونا في العالم #روسيا #كورونا #جائحة_كورونا https://t.co/44vLZl80qy 	 68
arabic/1E_favorite query:شركة بريطانية توافق على صفقة لقاح #كورونا.. وأول تسليم في سبتمبر https://t.co/mZG7hQPURN #فيروس_كورونا #شركات 	 41
arabic/1E_favorite query:الرئيس التنفيذي لشركه فايزر لم يطعم الى الان #فايزر #لقاح_كورونا #وزارة_الصحة #كورونا ً ً ً ً https://t.co/ELJavkhjLf 	 21
arabic/1E_favorite query:#مع_الحكيم إعلان شركة "مودرنا" بنجاح تجاربها على لقاح جديد لفيروس #كورونا 💉 د. محمد ممدوح القاسمي مدير قسم أمراض الجهاز العصبي في مستشفى هارلي بولاية ميشيغان يعلق 👇 #كوفيد19 #covid19 #coronaupdate #corona https://t.co/S5bnIKTqLk 	 2
arabic/1E_favorite query:بعد أعلان الرئيس بوتين عن تسجيل أول لقاح لفايروس #كرونا #الذهب يسجل أسوء هبوط يومي منذ فبراير ب98.30$ قرابة 5% انخفاضاً https://t.co/o4PXQz3BTq https://t.co/KY1GEkGOlB 	 2
arabic/1E_favorite query:عاجل | لقاح #فيروس_كورونا الايراني قد تجاوز مراحل الاختبار على الحيوان بنجاح. #اللقاح_الإيراني https://t.co/kK6sa5Spez 	 451
arabic/1E_favorite query:#روسيا تعلن عن أول لقاح ضد فيروس #كورونا في العالم، وسط توقعات بأن يبدأ توزيعه في مطلع العام القادم https://t.co/mtu67p01GD 	 32
arabic/1E_favorite query:الرئيس الروسي يعلن عن العقار الجديد لـ #كورونا الرئيس الروسي: هذا الصباح، ولأول مرّة في العالم، تم تسجيل لقاح ضد فيروس كورونا في #روسيا، مضيفاً: "أعلم أنه فعال بما فيه الكفاية، وأنه يعطي مناعة مستدامة https://t.co/JZkonmNHo5 	 18
arabic/1E_favorite query:الإعلان عن أول دولة أجنبية ستحصل على اللقاح الروسي ضد فيروس #كورونا https://t.co/EsfLdwTSiY https://t.co/WpUVj7Tn5e 	 11
arabic/1E_favorite query:رئيس قسم الجراحة بمستشفى كلية العلوم الروسية د.عادل علاو: #روسيا سارعت في إعلان اللقاح ضد #كورونا لأسباب سياسية واقتصادية https://t.co/nvCbpFSHGG 	 60
arabic/1E_favorite query:الرئيس الروسي فلاديمير بوتين يعلن عن تسجيل أول لقاح ضد #فيروس_كورونا في العالم. وبحسب موقع #روسيا اليوم : هذا اللقاح اجتاز كل الاختبارات. #كورونا #كوفيد_19 #COVID19 #coronavirus https://t.co/zk9yjWPTtX 	 41
arabic/1E_favorite query:بعد إعلان #روسيا تسجيله رسميا.. 10 معلومات عن أول لقاح لـ #كورونا فى العالم https://t.co/6Uhw05GQFD 	 39
arabic/1E_favorite query:1⃣كشفت صانعة الإلكترونيات #اليابانية #باناسونيك عن صناديق تبريد عالية الأداء يوم الثلاثاء. وتأتي هذه المنتجات في وقت يكافح فيه المسؤولون الصحيون بسبب لقاحات #فيروس_كورونا التي تتطلب الشحن والتخزين في درجات حرارة منخفضة جدا. https://t.co/r8bIjhHmW6 	 45
arabic/1E_favorite query:جرعة واحدة لا تكفي.. تحديات محتملة قد تواجه #لقاح #فيروس_كورونا #كورونا #كوفيد_19 #صباح_الخير #بوابة_الأخبار https://t.co/MrBgoP5yHo 	 2
arabic/1E_favorite query:#كورونا ١٦٦ لقاح تحت التجربة لا تصدقون المبالغات / أقرب وقت لتوفر لقاح آمن سيكون بعد ٦ أشهر ٧،٨ مليار نسمة سيتنافسون على اللقاح من سيأخذه أولا : • الدول الغنية • الممارسون الصحيون •كبار السن https://t.co/sxAAqJvM1L 	 5
arabic/1E_favorite query:روسيا: المرحلة الثالثة من دراسة لقاح #فيروس_كورونا قد تبدأ خلال7 إلى 10 أيام بمشاركة عشرات الآلاف https://t.co/Ec9xBiCrk1 	 4
arabic/1E_favorite query:د. ماهر حمد أستاذ الأمراض الباطنية والحالات الحرجة: أتوقع نجاح لقاح أوكسفورد المحتمل ضد فيروس #كورونا "كوفيد 19" https://t.co/Bn2sY3QBaF 	 50
arabic/1E_favorite query:#ترمب: لدينا 3 لقاحات لـ #كورونا في المراحل النهائية من الاختبارات. #عكاظ #امريكا #ان_تكون_اولا #تطبيق_عكاظ https://t.co/H0yA6xzw9Y 	 7
arabic/1E_favorite query:عبارة عن حقنتين يتم أخذهما في 14 يومًا.. #روسيا تعتزم طرح لقاح ثانٍ ضد #كورونا https://t.co/Plx8N7hdHp 	 8
arabic/1E_favorite query:أعرب الرئيس الأمريكي دونالد ترمب، عن ثقته في أن لقاح #فيروس_كورونا المستجد سيكون متاحاً بحلول نهاية عام 2020 https://t.co/pQJrlm0tm2 	 2
arabic/1E_favorite query:#المكسيك.. #لقاح "جديد" لـ #كورونا بـ 4 دولارات فقط #أخبار_الآن https://t.co/fERXFLtJxd 	 15
arabic/1E_favorite query:💡 متى يبدا مفعول لقاح #كورونا ؟ — فيديو مهم جداً ... https://t.co/ua8o0E60Dx 	 4
arabic/1E_favorite query:#المكسيك.. #لقاح #كورونا سيكلف 4 دولارات فقط #لقاح_أكسفورد #بوابة_الأخبار https://t.co/tDdzItg5w2 	 1
arabic/1E_favorite query:#ترامب: نحن في مراحل متقدمة بشأن التجارب على لقاح مضاد لفيروس #كورونا وسنعلن عن النتائج قريبا. https://t.co/BiSSFbzLB7 	 1
arabic/1E_favorite query:وزير الصحة الإماراتي يبحث مع نظيره الإسرائيلي هاتفيا التعاون بشأن لقاح لـ #كورونا #عكاظ #ان_تكون_اولا #تطبيق_عكاظ #الامارات #اسرائيل https://t.co/VD55AtKbWM 	 6
arabic/1E_favorite query:تقرير صحيح الي حد بعيد صحيفة عكاظ/ تحذير طبي: اللقاح المرتقب لن ينهي أزمة #كورونا #عكاظ #ان_تكون_اولا #تطبيق_عكاظ #كورونا #corona - عبر تطبيق نبض @NabdApp https://t.co/BjRHGLx2RM 	 1
arabic/1E_favorite query:دراسة: السمنة تزيد من مخاطر ومضاعفات #كورونا وتقلل فاعلية اللقاح https://t.co/m55VAicFTb https://t.co/YqN9hvG8pG 	 9
arabic/1E_favorite query:التطبيقات المحتملة لتقنية النانو في العلاج من فيروس #كورونا #COVID_19 • استخدام المواد النانوية في ايجاد لقاح لمكافحة فيروس COVID-19 ورأي عدد من المختصين في مواصفات المواد النانوية التي يمكن استخدامها في مكافحة هذا #الفيروس. • عبر موقعنا:https://t.co/ia1GmqSXnX https://t.co/sc9Z2c5Gf9 	 2
arabic/1E_favorite query:وزارة الصحة تعلن تشكيل لجنة لمتابعة توفير لقاح كورونا مع أربع شركات عالمية https://t.co/B6O3tqh0Xh #العراق #بغداد #كورونا #العلوم_تطالب_بمقابله_الكاظمي #تعيين_خريجي_الصحه_بعقود 	 0
arabic/1E_favorite query:عاجل: اردوغان ينقذ شابا من فيروس كورونا وجده بالصدفة على جسر البوسفور 😅 	 294
arabic/1E_favorite query:ترامب وزوجته تلقيا لقاح كورونا عندما كانا في البيت الأبيض بعيداً عن الأضواء أفاد مقربون من الرئيس الأمريكي السابق دونالد ترامب، الاثنين، أنّ الملياردير الجمهوري وزوجته ميلانيا تلقّيا اللقاح المضاد لفيروس كورونا بعيداً عن الأضواء في يناير عندما كانا لا يزالان في البيت الأبيض. https://t.co/DaYGrGyKBE 	 16
arabic/1E_favorite query:ملخص المقال هزيمة COVID19 يتطلب؛ 1.مزيد من الجهود والوقت لإيجاد لقاحات فعالة(قد لايظهر لقاح فعال قبل الشتاء القادم) 2.حتى ذلك الحين يبقى الامل في ايجاد ادوية فعالة كمضادات الفيروسات والأجسام المضادة وغيرها والتي قد تظهر اسرع من التطعيم. ولكن التحدي الأكبر من الفيروس هو الانسان ! 	 1
arabic/1E_favorite query:عندما اعلن الرئيس #اردغان ان #تركيا 🇹🇷 الثالثة بتطوير لقاح ضد فيروس كورونا اعلن فورا الرئيس #بوتين عن تسجيل اول لقاح ضد فيروس كورونا وعلى هذا فليتنافس المتنافسون 	 3
arabic/1E_favorite query:روسيا تعد بطرح ملايين من جرعات لقاح "#كورونا" اعتباراً من عام 2021 للتفاصيل: https://t.co/4b8KUbYSnE #نتصدر_المشهد #COVID19 https://t.co/jG6CZfyjOd 	 4
arabic/1E_favorite query:أسكتلندا تتحفنا ببيانات حديثة حول فعالية لقاح أسترا زينيكا وأنه قلل من معدلات الدخول للمستشفى بنسبة ٩٤٪ بعد ٤ أسابيع من الجرعة الأولى 👏👏👏خيارات المملكة في اللقاحات بطلة https://t.co/KSTZ17ZKeb 	 200
arabic/1E_favorite query:عاجل - منظمة الصحة العالمية: إيجاد لقاح لفيروس كورونا هو الطريق الوحيد لإيقاف انتشار المرض #كورونا https://t.co/4OG8GL42nr 	 1
arabic/1E_favorite query:مبتكر اللقاح الروسي ضد #كورونا يعلن موعد تداوله https://t.co/ffVkCCgV25 https://t.co/BcKs1TBbdo 	 10
arabic/1E_favorite query:ابنة الرئيس الروسي فلاديمير بوتين اول من تلقى لقاح ضد فيروس #كورونا #كوفيد_19 رسميا في العالم ...المهم صاحب اللقاح يعرف جيدا ماذا ينتظره في حالة ما ..... اعرف ان سجن سيبيريا هو الأخطر في العالم . يعلم الله كم عدد البشر الذين "تطوعوا" لتجريب اللقاح ؟؟ https://t.co/HIM3dZMzM6 	 9
arabic/1E_favorite query:حصل الجيش الصيني على الضوء الأخضر لاستخدام لقاح مضاد لفيروس كورونا، طورته شركة "كانسينو بيولوجيكس" مع وحدة أبحاث عسكرية، بعدما أثبتت التجارب السريرية أنه آمن وفعال إلى حد ما. #covid19 #corona #كورونا https://t.co/7FPlgkhpje 	 87
arabic/1E_favorite query:#سلامتك_في_كمامتك😷 #بولندا تعلن إنتاج أول لقاح ضد فيروس #كورونا في العالم https://t.co/iml3iELw52 	 102
arabic/1E_favorite query:تحذير طبي "متشائم": اللقاح لن ينهي أزمة #كورونا #سكاي_أخبار https://t.co/T5L4ScsSsH 	 34
arabic/1E_favorite query:مستشار الرئيس لشئون الصحة: مصر حجزت حصتها في لقاح فيروس كورونا من جامعة أوكسفورد التفاصيل || https://t.co/cRq1fFJHqH #صدى_البلد https://t.co/vayX4PxhuQ 	 15
arabic/1E_favorite query:أعلنت وزارة الصحة الإماراتية، السبت، أن مجموع ما قدمته من جرعات اللقاح المضادة لفيروس كورونا المسبب لمرض "كوفيد-19"، تجاوز 6 ملايين جرعة، لتكون الأولى عربيا والثانية عالميا في توزيع اللقاح على السكان. #تطعيم_كورونا 	 69
arabic/1E_favorite query:ممثل الصحة للنواب: تعاقدنا على 40 مليون جرعة لقاح كورونا ستصل مصر تدريجيا https://t.co/vJNx25sctA https://t.co/ctNZBrUFSa 	 35
arabic/1E_favorite query:رئيس وزراء الهند: مستعدون لإنتاج كميات ضخمة من لقاحات فيروس كورونا #الهند #كورونا https://t.co/btm3aYogTJ https://t.co/4bhoqMHETO 	 5
arabic/1E_favorite query:عاجل #مودرنا الامريكية تنشر تفاصيل جديدة عن #لقاح #Covid_19 https://t.co/uaKy02BzGX 	 7
arabic/1E_favorite query:الاتحاد الأوروبي ينضم إلى برنامج لقاح منظمة الصحة العالمية للتفاصيل: https://t.co/FTUFmVUfAD #نتصدر_المشهد #COVID19 https://t.co/vtylcM7gM8 	 5
arabic/1E_favorite query:🔴البعض يعتقد مخطئاً أن المنافسه بين الدول من أجل بضعة مليارات‼️ هل تعلمون، بأن الولايات المتحدة الأمريكية 🇺🇸 لوحدها، قامت بشراء ١٠٠ مليون جرعة لقاح #كورونا #كوفيد_19 من شركة Biontech الألمانية بمبلغ ١.٦ مليار يورو‼️ وأيضاً ١٠٠ مليون جرعة من شركة Novavax بمبلغ ١.٦ مليار دولار‼️ 	 7
arabic/1E_favorite query:🔴 #روسيا تُعلن عن تطوير أول لقاح لـ #كورونا #كوفيد19 #مركز_الأخبار 	 548
arabic/1E_favorite query:المفوضية الأوروبية توقع أول صفقة لشراء لقاحات #كورونا من #استرازينيكا https://t.co/idXaBE1juV 	 15
arabic/1E_favorite query:#باكستان تجري اختبارات سريرية على لقاح صيني تجريبي مضاد لـ #كورونا https://t.co/0sPSGECqvt https://t.co/WPPjyc6QyK 	 6
arabic/1E_favorite query:اتفاق تاريخي بين منافسين شرسين لمواجهة الوباء: شركة الأدوية العملاقة ميرك Merck (إحدى أكبر شركات تصنيع اللقاحات في العالم ، والتي حاولت وفشلت في تطوير لقاح خاص بها لفيروس كورونا) وافقت على ان تساهم في صنع لقاح منافستها جونسون اند جونسون المضاد لكوفيد-19 ذو الجرعة الواحدة. (1) https://t.co/sEpo5ZaXac 	 392
arabic/1E_favorite query:أولى بشائر لقاح #كورونا تأتينا من #روسيا أعلن الرئيس الروسي فلاديمير بوتين عن تسجيل أول لقاح ضد #فايروس_كورونا في العالم وأن اللقاح آمن جدا ويوفر مناعة مستديمة كما ذكر أن إبنته أخذت اللقاح ✨ الحمد لله والشكر لله .. الفرج قريب ✨ #الاخبار_الحلوه https://t.co/wc3AWqWgjp 	 59
arabic/1E_favorite query:اللقاح الروسي : 📌صرح مدير عام صندوق الاستثمار المباشر الروسي/كيريل ديميترييف أن موسكو واثقة للغاية من أن السعودية ستصبح شريكًا استراتيجيًا قويًا في تطوير اللقاح الروسي 'سبوتنيك الخامس' ضد #فيروس_كورونا 📌 اتفاق تجارب سريرية مع #السعودية #الإمارات والفلبين والبرازيل وروسيا. https://t.co/AyqFIVJ2jb 	 1
arabic/1E_favorite query:@SaudiMOH ٧ لقاحات لفيروس كورونا فى المرحلة الاخيرة من الدراسات للقضاء على فيروس كورونا https://t.co/RqqpDimQTm 	 2
arabic/1E_favorite query:الأساقفة الكاثوليك في أمريكا يطالبون الشعب بعدم تلقي لقاح شركة #جونسون_آند_جونسون الأمريكي بسبب إعتماده في تكوينه على خلايا جذعية أخذوها من عمليات إجهاض قبل عشرين سنة ! وهم كمؤمنين يحرمون الإجهاض. 	 20
arabic/1E_favorite query:لاحظوا معي في اسكوتلندا مع استخدام لقاح #أسترازينكا بعد تخذ الجرعة الأولى فقط، انخفضت نسبة التنويم في المستشفى بسبب #كوفيد_19 ٩٤٪. ولا زال البعض يشكك ب #لقاح_كورونا #عمان_تواجه_كورونا https://t.co/an9j92wNDL 	 52
arabic/1E_favorite query:#الاخبار_الحلوه لقاح #فيروس_كورونا (( #سبوتنيك )) #السناب #سناب_فهد_رياض_الودعان 👇👇 https://t.co/8lnGmuhUXF https://t.co/momS56gOu2 	 4
arabic/1E_favorite query:عقبة مرتقبة أمام لقاح #كورونا قد تؤخر جهود الوقاية #سكاي_أخبار #كوفيد19 #covid19 https://t.co/gqA7KKbrE0 	 28
arabic/1E_favorite query:#الشروق | الصحة الروسية: مدة المناعة الممكنة باستخدام اللقاح المكتشف ضد كورونا تصل إلى عامين https://t.co/AUskPnsL8o #كورونا #فيروس_كورونا #COVID19 https://t.co/oKnWweIFjf 	 2
arabic/1E_favorite query:يتسابق العلماء والباحثون في كافة أنحاء العالم لتطوير لقاح ضد فيروس كورونا المستجد. وحتى يوم أمس يوجد 165 لقاح تم تطويره. 31 من هذه اللقاحات دخل مرحلة التجارب البشرية. https://t.co/7gijORYwNV https://t.co/pRealnsNgZ 	 0
arabic/1E_favorite query:#الصحه_العالميه : لا يوجد مصل فعال الآن رغم إعلان #روسيا و #الصين إنتاج لقاحات #كورونا للتفاصيل.. https://t.co/CIRg630FMR 	 37
arabic/1E_favorite query:فيديو | روسيا تعلن عن تسجيل لقاح فيروس كورونا وسيتم تسجيله بحلول 12 أغسطس الجاري - العمل جارِ حاليا على إعداد كميات كبيرة من اللقاح - سيتم تطعيم الفئات الأكثر تعرضاً للمرض من العاملين في المجال الطبي وكبار السن أولاً #روسيا #كورونا #كوفيد19 https://t.co/Jcwg5edqW6 	 4
arabic/1E_favorite query:الدفاع الروسية أول لقاح محلي ضد فيروس #كورونا المستجد بات جاهزاً 	 25
arabic/1E_favorite query:بالتعاون مع وزارة الصحة @SaudiMOH افتتاح مركز لقاح كورونا في المستشفى الجامعي بـ #الخرج #جامعة_الأمير_سطام https://t.co/u5MOE0dvQh https://t.co/kXtrdfQiXs 	 24
arabic/1E_favorite query:طلب مليار جرعة من اللقاح الروسي ضد "#كورونا" للتفاصيل: https://t.co/cxhRUDIJW9 #نتصدر_المشهد #COVID19 https://t.co/Xi3TibxdaR 	 13
arabic/1E_favorite query:عاجل | "الصحة"الكويتية: مؤشرات إيجابية لقرب إنتاج لقاح لفيروس كورونا . #الكويت #كورونا https://t.co/XIAVujlRcX 	 9
arabic/1E_favorite query:نجح دينيس لوجونوف،نائب مدير العمل العلمي لمركز gamaleya، عن عمر يناهز 43 عامًا،في أن يصبح عضوًا مناظرًا في الأكاديمية الروسية للعلوم،وقيادة مجموعة من مطوري أول لقاح روسي ضد فيروس كورونا وحقنه في نفسه. هنا تغريدتين عن اللقاح بحسب المقابلة معه: 	 13
arabic/1E_favorite query:@ABMOHARRAM @Amr_M_Hashim @virolvlog المعلومات المتاحة عن اللقاح الروسي من منظمة الصحة العالمية (حتى الان) انه مازال في المرحلة الاولى من التجارب .. و روسيا تتحدث عن اللقاح و كأنه في المرحلة الثالثة دون نشر نتائج المرحلتين الاولى و الثانية او حتى تسجيل تجاربهم على مواقع التجارب الاكلينيكية https://t.co/hUlMqOUL5a https://t.co/yCigORhXsV 	 13
arabic/1E_favorite query:عاجل .. #ألمانيا تشكك فى فعالية وسلامة لقاح #فيروس_كورونا الروسى https://t.co/3ViZFJ0TA6 https://t.co/fILaERZmpk 	 3
arabic/1E_favorite query:إن شاء الله إمرأه عالمه من جامعة أكسفورد ستنقذ العالم باكتشاف لقاح هو الأكثر تقدما ضد فيروس كورونا تتميز بالهدوء والعمل بصمت، عندنا وزير عطّل التعليم ٦ شهور وأنهى تعليم الصفوف من ١-١١ قام باكمال تعليم صف ١٢ بالوقت الضايع، وسوا كرنفال قنوات وصحفيين وسماه انجاز تاريخي! #الكويت https://t.co/g3JWsuuVN5 	 6
arabic/1E_favorite query:لكل من يسأل عن اللقاح، هذا موقع من النيويورك تايمز، يتيح لك معرفة اخر تطورات اللقاح ويتم تحديثه باستمرار بشكل مباشر.. اكثر من ١٢٥ لقاح ٧ في المرحلة الاولى ٧ في المرحلة الثانية ١ في المرحلة الثالثة صفر تم اعتماده هذه التغريدة سيتم تحديثها باستمرار https://t.co/dWRfXbMlWv 	 1276
arabic/1E_favorite query:#تطعيم_كورونا #لقاح_كورونا بعد الجرعة الثانية، بعض الناس يشتكي من آلام في الظهر والمفاصل، تختفي بعد يوم أو يومين كل ما تحتاجه راحة، مرهم مسكن يساعد لتخفيف الألم وكذلك كمادات حارة 	 3
arabic/1E_favorite query:كاميلا هارس المرشحة التاريخية لمنصب نائب الرئيس على قائمة مرشح الحزب للرئاسة جو بايدن في خطاب قبولها الترشح تعدد أسباب العنصرية الهيكلية في النظام الأميركي-ولماذا يواجه السود والأقليات أوضاعاً صعبة ويصابون ويتوفون من #فيروس_كورونا-بنسب أكثر من البيض! وتختم لا يوجد لقاح للعنصرية! https://t.co/mzHxmfbIB2 	 12
arabic/1E_favorite query:يبدوا ان لقاح جامعة أكسفورد/استرازينيكا سيكون متوفراً للمواطنين الصينيين هذا العام ، حيث اعلنت عن اتفاقية مع شركة كنجتاي الصينية (Shenzhen Kangtai Biological) لتقوم بإنتاج 100 مليون جرعة من اللقاح البريطاني في عام 2020 و 200 مليون جرعة في عام 2021 https://t.co/sIgbMXYIaw 	 60
arabic/1E_favorite query:الصحة #السعودية: أبحاثنا مستمرة وسنجري تجربة سريرية على لقاح لفيروس #كورونا https://t.co/nl9Pn2f0AL #العربية 	 30
arabic/1E_favorite query:🔴روسيا تعلن بدء ثلاث شركات روسية الإنتاج التجاري لأول لقاح ضد فيروس كورونا خلال الشهر المقبل. (تاس) https://t.co/BzPe7LWNqJ 	 1
arabic/1E_favorite query:#الصحة_العالمية: لم نعترف بأي لقاح ل #كورونا حتى الآن https://t.co/dWZ8JuMoka 	 10
arabic/1E_favorite query:#عاجل #روسيا تعلن عن تسجيل أول #لقاح في #العالم مضاد لفيروس #كورونا https://t.co/MtCSnb3WMw https://t.co/m9kNa1SlPs 	 9
arabic/1E_favorite query:وكالة الأدوية الأوروبيّة تبدأ مراجعة لقاح "سبوتنيك-في" الروسي: ألمانيا تخفّف قيود #كورونا تدريجيًّا https://t.co/bazUYDuYRj 	 1
arabic/1E_favorite query:#ترامب: لقاح #كورونا قد يكون جاهزا يوم #الانتخابات_الرئاسية فى 3 نوفمبر https://t.co/sCwwx7kXZv 	 96
arabic/1E_favorite query:@SaudiMOH الحمدلله روسيا تعلن رسمياً أنها ستسجل خلال أيام أول لقاح عالمي لفيروس #كورونا المستجد. 	 17
arabic/1E_favorite query:عاجل روسيا الاتحادية تبدأ في تطعيم مواطنيها باللقاح الروسي ضد فيروس كورونا أعلن وزير الصحة الروسي ميخائيل موراشكو، أن المستشفيات بدأت تتلقى أولى الدفعات من اللقاح الروسي المضاد لفيروس كورونا من إنتاج معهد غامالي “سبوتنيك V”. https://t.co/izQUm3sjjO 	 211
arabic/1E_favorite query:. . العالم الإيطالي الشهير الطبيب جيوسيبي ريموتسي : فيروس #كورونا سيختفي قبل أن يتمكن العلماء من تطوير لقاح مضاد له؛ لأن المرض أصبح مع الوقت أقل قدرة على الفتك بالإنسان،فمنذ ظهور كورونا أواخر العام الماضي في الصين،فإن قوته تضعف تدريجياً . . #ايطاليا #كورونا https://t.co/ZDtweVGECs 	 1
arabic/1E_favorite query:فيديو .. ابنة الرئيس الروسي تتلقى اللقاح الذي أعلن عنه #بوتين اليوم كأول لقاح لـ #كورونا في العالم https://t.co/1F8kTJKgcH 	 45
arabic/1E_favorite query:الحكومة الأميركية تمنح شركة "مودرنا" نحو نصف مليار دولار لتطوير لقاح لـ #كورونا #الإمارات_اليوم 	 27
arabic/1E_favorite query:عاجل 🔴 . . رئيس شركة الصين الوطنية للصناعات الدوائية .. يؤكد : لقاح فيروس كورونا سيكون متاحاً تجارياً بحلول نهاية العام الجاري. . . الصين 	 358
arabic/1E_favorite query:الصحة: بدأنا التوسع لتوفير لقاحات كورونا في المستشفيات الخاصة بشكل مجاني للجميع. 	 1110
arabic/1E_favorite query:أعلن وزير الصحة السعودي، توفيق الربيعة، الإثنين، أن الحصول على لقاح فيروس كورونا شرطا رئيسيا لأداء فريضة الحج هذا العام وفق قرار وزاري لم يذكر عدد الحجاج الذين ستستقبلهم المملكة هذا العام https://t.co/7CDHpGDvtL 	 41
arabic/1E_favorite query:#ترمب يتهم جهات بتأخير اختبارات لقاح #كورونا لما بعد 3 نوفمبر #عكاظ #ان_تكون_اولا #تطبيق_عكاظ https://t.co/VD55AtKbWM 	 8
arabic/1E_favorite query:الرئيس الامريكي ##ترامب: لقاح #كورونا قد يكون جاهزا مطلع نوفمبر القادم https://t.co/kqErylTbIa https://t.co/p7JVTXTqWT 	 7
arabic/1E_favorite query:أعلنت الحكومة البريطانية يوم الأحد أنها سوف تخصص 65.5 مليون جنيه إسترليني (79 مليون دولار) لتمويل جديد لتطوير لقاح #كورونا مع توقع طرح 30 مليون جرعة في وقت مبكر من سبتمبر/أيلول. https://t.co/16ccFcItx5 	 2
arabic/1E_favorite query:#الولايات_المتحدة تمنح أكثر من ملياري دولار لشركتين تطوران لقاحا ضد #كورونا #فيروس_كورونا #بوابة_الأخبار https://t.co/6GlEaVVXGX 	 3
arabic/1E_favorite query:مناف القحطاني: 70 شخصاً حتى الآن تلقوا لقاح #كورونا .. والمتطوع سيخضع لمتابعة تستمر لمدة عام.. #البحرين https://t.co/Jd8ThihA48 	 3
arabic/1E_favorite query:وزارة الصحة الروسية تعلن رسمياً : روسيا بدأت إنتاج اللقاح الجديد المضاد لفيروس كورونا. - رئيس وزراء الهند: اختبار 3 لقاحات لفيروس كورونا ومستعدون لإنتاج كميات كبيرة . #كورونا https://t.co/0RVobi5bYB 	 6
arabic/1E_favorite query:أصدقاءنا الأعزاء .. الفيديو غير صحيح .. ليس لابنة بوتين وهي متطوعة أخذت اللقاح سابقا https://t.co/DqAnjoJi7Z 	 215
arabic/1E_favorite query:سباق مع الزمن لإنتاج أول لقاح لفيروس #كورونا ومعهد بريطاني يعلن تقدما علميا كبيرا .. ما الجديد؟ https://t.co/nDXh0NS1LG 	 156
arabic/1E_favorite query:الأخصائي في الغدد الصماء والسكري بمركز الأبحاث السريرية د.أنس مهيدات: اللقاح الروسي يدخل مرحلته الثالثة والعالم في شغف للحصول على علاج ينقذه من خطر #كورونا https://t.co/lSI5C0v6CJ 	 39
arabic/1E_favorite query:أبشركم ولله الحمد،، أخيراً تم إنتاج لقاح مصري بعد تجربته يقضي على كوفيد 19 فعال 100% ولاتنسونا باللقاح وأعتقد راح ناخذه بالمجان الحكومه راح تطلبه منكم..👍 https://t.co/YQRNUay1P3 	 1
arabic/1E_favorite query:اخبار مبشره عن لقاح كورونا من السفير الصيني في المملكه 👍 https://t.co/9FrQDHnJpz 	 0
arabic/1E_favorite query:وزير الصحة: الجزائر ستكون من الدول الأولى التي تقتني لقاح كورونا #coronavirus #Algerie #Algeria #COVID19dz #COVID19 https://t.co/UCqovpJuIS 	 67
arabic/1E_favorite query:#بوتين يعلن تسجيل أول لقاح ضد فيروس #كورونا في العالم وأن ابنته شاركت في تجربة اللقاح. https://t.co/fyclGq1jsZ 	 3
arabic/1E_favorite query:1️⃣ معالي وزير الصحة د.توفيق الربيعة : •#المملكة حريصة على توفير لقاح #كورونا فور التأكد من سلامته.. •يتم التنسيق مع الدول التي تقوم بأبحاث للوصول إلى اللقاح.. •لا نعتمد أي لقاح إلا بالتأكد من سلامته بشكل كامل.. https://t.co/lfpiNZdo3s 	 2
arabic/1E_favorite query:أسئلة شائعة عن تطعيم كورونا @DrNezarB https://t.co/eCs56Lj4CQ 	 298
arabic/1E_favorite query:#ترامب يرجح توافر لقاح #كورونا في هذا التاريخ! https://t.co/p0irFk0lTi* 	 2
arabic/1E_favorite query:حرب لقاحات كُبرى وسباق محموم بين دول العالم من آسيا إلى أمريكا اللاتينية لتطوير لقاح ضد فيروس كورونا والعرب الوحيدون نائمون حسبنا الله ونعم الوكيل ماذا فعل عملاء الغرب طغاة القرن الأخير بأمة الإسلام اقرأ عن هذه الحرب https://t.co/SCW1rmRlYj 	 5
arabic/1E_favorite query:يقول عالم فرنسي ان فيروس كورونا مصنع. وكان الهدف من ذلك لقاح ضد الإيدز ويتوقع بأنه خرج عن السيطرة ويشدد على ضرورة الحفاظ على النفس والابتعاد عن أماكن العدوى لخطورة الفيروس خاصة أنه متحول بشكل مخيف. بمعنى اقعد بالبيت حتى تسلم ويختفي هذا الفيروس #فحص_كورونا #١_مايو #المسح_المجتمعي https://t.co/CNy9Wqo3bs 	 96
arabic/1E_favorite query:شركة مودرنا أعلنت عن سعر الجرعة الواحدة لـ لقاح #كورونا مابين 32 إلى 37 دولار 💰 	 4
arabic/1E_favorite query:غضب شعبي في قطر لتباطؤ الحكومة ضد فيروس كورونا    #حكومه_قطر_تنشر_كورونا https://t.co/B3Bxg7i4zR 	 0
arabic/1E_favorite query:هل يوجد لقاح يحمي من السرطان؟ الإجابة في المقال https://t.co/pmtX2rVeQn حيث نعرض لكم مميزات لقاح فريد من نوعه. اطلعوا عليه الآن وشاركونا أسئلتكم في التعليقات. #الحب_ثقافة #لقاح #سرطان #صحة #وقاية #الأمراض_المنقولة_جنسياً https://t.co/quLbrZdGnQ 	 5
arabic/1E_favorite query:@m3alhakim الآن ترمب يستعين بالعالم العربي المغربي منصف السلاوي في قيادة فريق تطوير لقاح ضد كورونا فتح تحقيق في وفاة طبيبة جزائرية حامل في مواجهة #كورونا كورونا مخاوف بفرنسا بعد وفاة طفل f "كاواساكي" إيطاليا تستعد لاستقبال المسافرين https://t.co/iQY7tg3xBh 	 0
arabic/1E_favorite query:أول لقاح يتم الموافقة على استخدامة ضد فيروس كورونا المستجد! رغم أنه مازال لم ينهي كامل التجارب السريرية! الصين توافق على استخدام لقاح كانسينو والذي مازال تحت التجارب السريرية الثانية والثالثة لاستخدامه لأفراد الجيش الصيني. https://t.co/x2PB9zsRG8 	 224
arabic/1E_favorite query:🍃أعلن اليوم الرئيس الروسي فلاديمير بوتين،، تسجيل أول لقاح ضدّ فيروس كورونا في العالم؛ كاشفاً عن موافقة وزارة الصحة الروسية على اللقاح، ومعلناً أن ابنته أخذت اللقاح. *أخبار سبق 	 95
arabic/1E_favorite query:شركة Moderna في المراحل الأخيرة لتطويل لقاح #كورونا https://t.co/6DCfTZ4yYZ 	 25
arabic/1E_favorite query:#جامعة_جازان تطلق خدمة: لقاحات #كورونا عبر السيارات. وتسعد الجامعة بتقديم الخدمة يوميا من الساعة 5 عصرا وحتى 12 ليلا، ابتداء من الخميس 4 مارس 2021م مقر تقديم الخدمة: أمام بوابة الجامعة ( رقم 2 ) للوصول لموقع الخدمة: https://t.co/dXps08JWhL https://t.co/xmAQpD6BOO 	 73
arabic/1E_favorite query:#عاجل المفوضية الأوروبية تنبه إلى أن الحصول على لقاح فيروس كورونا يجب أن يكون "متاحا عالميًا" #كورونا #وباء #فيروس_كورونا #اوروبا #امريكا #سانوفي https://t.co/tX8zWvrt38 https://t.co/KFXhvVHWDk 	 14
arabic/1E_favorite query:#أبوظبي تبدأ المرحلة الثالثة لتجربة لقاح محتمل لفيروس #كورونا سيمكن العالم اذا ما نجح في عودة الحياة إلى طبيعتها وسيجعلنا نقترب أكثر #صحيفة_الخليج #الإمارات https://t.co/LE04N0sUFF 	 35
arabic/1E_favorite query:الكمامة لا تحتاجها في كل وقت.. هل تعرف متى يجب عليك لبسها ؟ #الوقاية_من_كورونا  #كورونا_الجديد  #كورونا #Covid19 https://t.co/YQLxdR2gu0 	 1230
arabic/1E_favorite query:#فاوتشي: توفر ملايين الجرعات من لقاح #كورونا.. قريبا #عكاظ #ان_تكون_اولا #تطبيق_عكاظ #كورونا #corona https://t.co/2QzJ8yKEEI 	 12
arabic/1E_favorite query:بعد النتائج الأولية المبشرة لتطعيم 💉NVX-CoV2373 🧠💴شركة تاكيدا @TakedaPharma 🇯🇵تتوصل إلى اتفاق مع شركة نوفافاكس @Novavax 🇺🇲 🔴لنقل تكنلوجيا الصنع ولتسويق التطعيم في اليابان 🔴الحكومة اليابانية ستمول دعم الانتاج والصناعة 💉هذا ثاني تطعيم يؤمّن🇯🇵🧠 https://t.co/5EyjKY20FI (247) https://t.co/MNUITtownc 	 9
arabic/1E_favorite query:قدّمت الصين أول براءة اختراع لقاحٍ ضد كورونا المستجد لـ(Ad5-nCoV) والذي يتبع لشركة (كانسينو بيولوجيكس) التي تعتزم بدء المرحلة الثالثة والأخيرة من التجارب السريرية في السعودية، واللقاح أحد ثمانية لقاحات تطورها الصين للوقاية من الأمراض التنفسية التي تنجم عن الإصابة بالفايروس https://t.co/eh8A6uLVW0 	 21
arabic/1E_favorite query:عاجل | الصين تقر استخدام أول لقاح لفيروس كورونا المستجد في تجارب سريرية - رويترز #COVID2019 #فيروس_كورونا https://t.co/AXN6f38N0J 	 3
arabic/1E_favorite query:الرئيس الروسي بوتين يضع الصورة على صفحته ويكتب عليها : روسيا تنقذ العالم - اللقاح ضد "COVID -19 سوف يتم توفير لمختلف دول العالم. Russia is saving the world - the vaccine against "COVID - 19" will be provided to defferent countries. حمل حقنة اللقاح راكبا الدب مسارعا لانقاذ العالم https://t.co/UL6bBMTXj7 	 33
arabic/1E_favorite query:العراق يشارك مع 80 دولة في انتاج لقاح #كورونا #قناة_الفلوجة | https://t.co/atD4YQHYNo https://t.co/3zu8HHlpfK 	 16
arabic/1E_favorite query:ماذا في #اللقاح المنتظر؟ #ديفيد_آيك في لقاءه الخامس يبين ما يبيتونه للبشرية عبر لقاح #كورونا المنتظر https://t.co/nX6yaLtapO 	 1
arabic/1E_favorite query:@alhunayan لو كانت الهدف ايقاف #كورونا تبنت #منظمة_الصحة_العالمية دواء الهايدروكسي #كلوركين وقاية حسب الهندي IMCR ونجح وعلاج حسب بروتوكول #ZelenkoProtocol وحقق نسب تعافي مع الدكتور @zev_dr نسبه تعافي99.3% ومع الدكتوره @stella_immanuel 100% لكن مصالح الممولين في بيع اللقاح https://t.co/hdUeCa8Mus 	 5
arabic/1E_favorite query:🔴بلاغ عاجل ضد شخص على ما يبدو مصاب بـ #فيروس_كورونا يقوم بالبصق وتلويث كيس ممتلئ بالنقود المعدنية عمداً رغبة من نشر رغبة منه نشر الوباء ‼️ المقطع منشور عبر تطبيق Tiktok بالمعرف “user7xmu08i6lq”  @bip_ksa @kamnapp @SaudiMOH @MOISaudiArabia   #مريض_يبصق_على_نقود https://t.co/mMBspYAvls 	 941
arabic/1E_favorite query:قالت "كانسينو" إنها تجري أيضاً مباحثات مع روسيا والبرازيل وتشيلي لبدء المرحلة الثالثة من التجارب في تلك الدول على اللقاح المضاد لفيروس #كورونا 	 10
arabic/1E_favorite query:🔴 🔴 🔴 رسمياً من وزارة الصحة الروسية : #روسيا بدأت فعلياً في إنتاج اللقاح الجديد المضاد لفيروس #كورونا ، و سيبدأ طرح اللقاح الجديد بنهاية الشهر الحالي... #مستشارك_في_الأردن https://t.co/G79rRCl40m 	 7
arabic/1E_favorite query:#الصين تختبر على البشر لقاحا لـ #كورونا يزرع في "خلايا حشرات" #سكاي_أخبار https://t.co/NOOxBbhyhD 	 41
arabic/1E_favorite query:أخبار سارة: #وزارة_الصحة تعلن عن تنفيذ تجربة سريرية للقاح ضد فيروس #كورونا في #السعودية بالتعاون مع #الصين، ضمن ثالث مراحل اختبار اللقاح عن طريق دراسات سريرية متعددة في دول مختلفة وعلى أعداد كبيرة وسيتم تطبيقها على 5000 متطوع في #المملكة من الأصحاء ومن هم فوق سن 18 عام https://t.co/ctRs6iMWvL 	 14
arabic/1E_favorite query:الخليجيون في مرمى دراسات #كورونا السريرية الصينيه. بعد الامارات، الصين تبدأ تجربة لقاح شركة سينوفارم ضد #كوفيد19 في البحرين. اكيد شايفين شي عندهم مو شايفينه في الكويت! https://t.co/yP9CGZqhSY 	 7
arabic/1E_favorite query:@nawwaf_111_6 اتمنى لا بس مش كلامى .. - هنرى كاسينجر: "العالم مابعد كورونا ليس كما قبله" - منظمة الصحة العالمية: فيروس كورونا قد يستمر معنا إلى الأبد - بيل غيتس: 80 بالمئة من سكان العالم سيتناولون لقاح كورونا - بوريس جونسون للبريطانيين: استعدوا لفراق أحبائكم وغيره كتير إلخ.... 	 1
arabic/1E_favorite query:الرئيس الفيليبيني يعلن تطوعة لتجربة لقاح #كورونا الروسي على نفسه 👇 https://t.co/KoylyxXWBB 	 7
arabic/1E_favorite query:أعلن الرئيس الروسي، فلاديمير #بوتين ،اليوم الثلاثاء عن تسجيل أول لقاح ضد فيروس #كورونا في #روسيا. #العراق #خليك_بالبيت 	 73
arabic/1E_favorite query:وزير #الصحة: تمديد التعليم عن بعد حال عدم توفر لقاح لعلاج كورونا https://t.co/ARpepnLICv #التعليم #كورونا #الصحة https://t.co/ARpepnLICv 	 1
arabic/1E_favorite query:بإشراف وزارة الثقافة والرياضة خصص مركز قطر للفعاليات الثقافية والتراثية ١٠ سيارات مزودة بمكبرات صوت ستقوم بالتوعية بمخاطر فايروس كورونا في عدد من المناطق التي تتواجد فيها كثافة في العمالة، بالتعاون مع عدد من الجهات والإذاعات الأجنبية. #يا_وطني_ها_انا_ذا  #سلامتك_هي_سلامتي https://t.co/Cu4SRJJI02 	 189
arabic/1E_favorite query:روسيا أول دولة تعتمد لقاح #COVID19 https://t.co/AenpLm53aK 	 3
arabic/1E_favorite query:حشود بالآلاف في لندن من الذين يؤمنون أن فيروس كورونا عبارة عن مؤامرة مطالبين بوضع حد لارتداء أقنعة الوجه والتباعد الاجتماعي والبحث عن لقاح https://t.co/8HtbNu0fpN https://t.co/6zYMtCvILJ 	 2
arabic/1E_favorite query:لقاح فيروس #كورونا #كوفيد١٩ ، المصنع من قبل شركة استرازينيكا، من المحتمل أن يحمي لمدة عام https://t.co/ZIHQfuoH9C 	 0
arabic/1E_favorite query:#عاجل.. جامعة #أوكسفورد: تجارب لقاح #كورونا ستدخل المرحلتين الثانية والثالثة والدراسات تسير بشكل جيد للغاية https://t.co/FF7C8oWFdF 	 130
arabic/1E_favorite query:اليونان تأمل الحصول على لقاح ضد #كورونا في ديسمبر للتفاصيل: https://t.co/NoqvAW9ZDg #نتصدر_المشهد #COVID19 https://t.co/auEgw9t0tE 	 3
arabic/1E_favorite query:وزير الداخلية الألماني: لجنة حكومية ستناقش محاولة إدارة #ترمب إغراء شركة أدوية ألمانية بتطوير لقاح لفيروس #كورونا حصريا لأمريكا https://t.co/8B6YOHUTFz 	 242
arabic/1E_favorite query:منظمة الصحة العالمية: نبحث مع الجانب الروسي فاعلية وآلية اعتماد اللقاح الروسي المكتشف ضد فيروس كورونا وزارة الصحة الروسية : إنتاج أول لقاح روسي ضد كورونا سيبدأ في مركز غمالي وشركة بينوفارم الشهر المقبل 	 4
arabic/1E_favorite query:#فيديو | غضب شعبي في #قطر لتباطؤ الحكومة ضد “#كورونا” وزيرة الصحة د.حنان الكواري تبلغ القيادة القطرية بأن وضع الوباء خرج عن السيطرة في #قطر ، عدد الحالات التي تصل الى المستشفيات يومياً في قطر مايقارب100 حالة كورونا ، وتطالب بتدخل القيادة العليا . #قطر_هي_كورونا  #قطر https://t.co/DJCB97uv99 	 0
arabic/1E_favorite query:تم صناعة فيروس كورونا من اجل بيع اللقاح سوف تبدي لكم الأيام القادمة يتم الترويج انك سوف تصاب مرة ثانية بعد الإصابة الاولى بعدة شهور 	 0
arabic/1E_favorite query:هل إيجاد لقاح لفيروس #كورونا سوف يستغرق من عام إلى عامين فعلا 😮؟ #كوفيد19 #covid19 #coronaupdate #corona https://t.co/lMgwWbUsOL 	 3
arabic/1E_favorite query:🔴 #عاجل من #قطر  حطت رحلة الخطوط الجوية القطرية الساعة 11 من مساء الليلة في مطار الدوحة قادمة من إيران وعلى متنها اكثر من 300 مسافر جميعهم مصابين بفايروس #كورونا  اكثر من 8 باصات وسيارات الإسعاف قامت بنقلهم من المطار إلى الحجر الصحي . اتمنى من الأشقاء القطريين أخذ الحيطة و الحذر 	 0
arabic/1E_favorite query:موسكو تتوسع في تجارب لقاح ضد كورونا قد يبدأ إنتاجه قريباً 😷🇷🇺 ▪️ مع اعتزام روسيا تسجيل ما تصفه بأنه أول لقاح في العالم ضد فيروس كورونا (كوفيد-19)، أتيحت الفرصة للعاملين بالأطقم الطبية وموظفي مجلس البلدية في موسكو، لتلقي تطعيم ضد الفيروس، حسبما ذكرت وكالة بلومبرغ للأنباء. https://t.co/2akQsd8hER 	 16
arabic/1E_favorite query:#كورونا في البداية كانوا في سباق مع الزمن والآن يقولون إنهم في سباق مع الفيروس نفسه! علماء #اوكسفورد الذي يجرون تجارب متقدمة على لقاح للوباء يخشون اختفاء #الفيروس مع تناقص الإصابات في #لندن بوتيرة سريعة ويقولون إن فرص نجاح اللقاح ٥٠٪🤔 https://t.co/MNHoWNFCgG 	 10
arabic/1E_favorite query:بدء المرحلة الثالثة من اختبار لقاح ضد "#كورونا" في باكستان للتفاصيل: https://t.co/AcMmtkmDVY #نتصدر_المشهد #COVID19 https://t.co/411Dh7h0SY 	 13
arabic/1E_favorite query:الطريقة التي يتطور بها فيروس #كورونا وخفة حدة تأثيره على الناس لجهة عدد الوفيات التي يتسبب بها، تبشر بأفول نجمه وستجعل من اللقاح أمرا غير ذي جدوى لأن ضرره قد يفوق فوائده. الهلع الذي صاحب ظهور الفيروس والأخطاء الطبية والإهمال (المتعمد ربما) هو ما تسبب بعدد الضحايا الكبير نسبيا. 	 60
arabic/1E_favorite query:تذكرون شركة استرازينكا ..! ستقوم بتوفير 400 مليون جرعة 🧪 من لقاح #كوفيد_19 داخل أوروبا حالياً .. خبر جداً مهم .. https://t.co/ZMFesKeTtT 	 13
arabic/1E_favorite query:أعداد المصابين بفيروس #كورونا حول العالم تتزايد بسرعة مع تقدم جهود العثور على لقاح https://t.co/0ymI5QrNpy 	 36
arabic/1E_favorite query:#الإمارات تنفذ أول حملة تطعيم ضد شلل الأطفال في ظل #كورونا رابط الخبر | https://t.co/G3F3LpOqzR @uaeembassyisb @uaeec_ https://t.co/vikKC2ZouJ 	 13
arabic/1E_favorite query:#مع_الحكيم بريطانيا تحث فئات معينة للتطوع لتجارب لقاح #كوفيد19💊 💉 حثت السلطات الصحية البريطانية الفئات الأشد ضعفا أمام فيروس كورونا المستجد كالمسنين والأقليات السوداء والآسيوية للمشاركة في تجارب اللقاحات، بما يضمن التوصل للقاح "ناجح"... #كوفيد19 #covid19 #corona #كورونا https://t.co/Ft4IqR8gyQ 	 3
arabic/1E_favorite query:الواشنطن بوست في وضع المشكك باللقاح الروسي وهذا شيء طبيعي بما انها لا تريد غير بلادها لاكتشاف اللقاح لما له من أثر اقتصادي كبير عليهم.. 😅 https://t.co/KWpER4NHMW 	 5
arabic/1E_favorite query:عاجل: منظمة الصحة العالمية تعلن رسمياً هناك 6 لقاحات ضد فيروس كورونا في مرحلة متقدمة ومُبشّرة المصدر رئيس تحرير جريدة خيطان 	 24
arabic/1E_favorite query:الصحة السعودية: - استمرار التجارب والأبحاث في جهودنا للتصدي لجائحة كورونا كوفيد 19، والبحث عن اللقاح الفاعل - تنفيذ تجربة سريرية للقاح ضد فيروس كورونا بالمملكة، وذلك في إطار اتفاقية التعاون بين المملكة والصين تشمل تنفيذ تجارب سريرية في هذا المجال 	 2
arabic/1E_favorite query:جامعة أكسفورد تبدأ تجارب على البشر على لقاح واعد ضد #كورونا لتخطي الحجب: https://t.co/nkUXH7fpFj للمزيد: https://t.co/d3ZFC9YDKT 	 45
arabic/1E_favorite query:#عاجل| رويترز: الصين تقر استخدام أول لقاح لفيروس #كورونا المستجد في تجارب سريرية #جريدة_الراية https://t.co/riqn7rooKM 	 19
arabic/1E_favorite query:طبيب في مستشفى بباريس يدعو الى تجربة لقاح #كورونا على الأفارقة وكأنهم فئران تجارب، موقف عنصري مقزز وليس بغريب على دول تقرصن كمامات ومستلزمات طبية، الطبيب لا يقترح بشئ جديد فهذا دأبهم، ألم يجربوا اسلحة محرمة في العراق واليمن وسوريا وافغانستان وغزة؟ https://t.co/A4qF9sDMiC 	 1278
arabic/1E_favorite query:أخبار إيجابية تدعم مؤشر #تاسي بقيادة القطاع البنكي بدعم من بنك #الراجحي 61 ريال الآن .. أسعار النفط فوق مستوى 45$ .. تراجع الإصابات بفيروس كورونا يوم أمس في السعودية بعد الارتفاعات في اليومين السابقة .. روسيا تعلن بأنها طورت أول لقاح مضاد لفيروس #كورونا في العالم .. 	 8
arabic/1E_favorite query:#عاجل.. وزارة الصحة الروسية: #روسيا بدأت بالفعل إنتاج لقاح لفيروس #كورونا #صحيفة_الخليج https://t.co/UctwRhBRBl 	 7
arabic/1E_favorite query:مدير مجموعة اللقاحات في #أوكسفورد : لقاح تجريبي مضاد لـ #كورونا وتطوره الجامعة بالتعاون مع شركة أسترازينيكا قد يُقدم للجهات التنظيمية هذا العام إذا تمكن العلماء من جمع ما يكفي من البيانات https://t.co/64r2JTl7xz #العربية 	 15
arabic/1E_favorite query:فيروس #كورونا يواصل التفشي حول العالم وسط تسارع دولي لإنتاج لقاح يقضي على الفيروس https://t.co/HXFfvCNW16 	 13
arabic/1E_favorite query:#ألمانيا تتحفظ على اللقاح الروسي المضاد لفيروس #كورونا https://t.co/MW6J1IE3Yv https://t.co/o1nM61CHcw 	 7
arabic/1E_favorite query:«الصحة الروسية»: بدأنا إنتاج لقاح لفيروس كورونا #موسكو #كورونا https://t.co/WuLeUsbcD4 https://t.co/F81dK0U8KN 	 9
arabic/1E_favorite query:مؤسسة حمد الطبية تؤكد بأن ما تم نشره حول توفير تطعيم مجاني ضد فيروس #كورونا غير صحيح ، ولكن التطعيم المجاني سيكون للأنفلونزا الموسمية #مرسال_قطر https://t.co/GlRonogCXM 	 16
arabic/1E_favorite query:📢 روسيا 🇷🇺 ولقاح كورونا 🔥 صرح الرئيس الروسي بوتين بأن بلاده روسيا أول من يسجل لقاح COVID-19 في جميع أنحاء العالم. 📍كما أنه يقول إن إحدى بناته اختبرت لقاح COVID-19 بنفسها. للمزيد من المعلومات هنا 👇🏻 https://t.co/LsLGsgtX6e https://t.co/zEnKaexgbF 	 27
arabic/1E_favorite query:سلالة جديدة أشد عدوى من فيروس كورونا تجتاح العالم وتصعّب تطوير لقاح ضده! - عاجل https://t.co/ds93BDJHas 	 75
arabic/1E_favorite query:رئيس الوزراء البريطاني يدعو الأهالي لإرسال أبناءهم للمدارس عند إفتتاحها الشهر القادم ، دعوات منطقية فالإغلاق والتعليم عن بعد له أضرار قد تتجاوز #كورونا ورغم أن بريطانيا تعمل على انتاج لقاح لم تربط الدراسة باللقاح . https://t.co/AENYhSc6Wm 	 5
arabic/1E_favorite query:#روسيا : . بدء إنتاج لقاح "سبوتنيك 5" المضاد لفيروس #كورونا . . https://t.co/AegxNFJZZH 	 10
arabic/1E_favorite query:إنتاج لقاح "جديد" لكورونا.. والجرعة بـ4 دولارات https://t.co/cVlexq5BDn #كورونا #لقاح_كورونا 	 6
arabic/1E_favorite query:والتاريخ سوف يسجل ان #فلاديمير_بوتين انقذ البشرية وتوصل الى لقاح #كورونا ،تخيلوا معي لو ان الاتراك توصلوا الى لقاح ما الذي سوف يحدث؟ سوف يخرج علينا #اردوغان متبجحا متفزلكا متعاليا ان #تركيا لن تقبل باعطاء اللقاح الى دول الثورات المضادة والاكراد والارمن واليونان والنظام السوري الخ 	 75
arabic/1E_favorite query:#لواء_5يونيو| رئيس المركز الروسي للأوبئة أكد نجاح لقاح جديد موجه ضد فيروس كورونا في اختباره على البشر ، وأثبت الاختبار وجود مناعة لدى الأشخاص الذين تعرضوا له ولم يسفر عن ظهور أية أعراض سلبية. https://t.co/zjNseBBIoL 	 3
arabic/1E_favorite query:لقاح مودرنا الأمريكي يظهر نتائج مبشرة #صدى_البلد #البلد #كورونا https://t.co/aA9ijy1rau 	 14
arabic/1E_favorite query:هكذا تكتسبُ اللقاحات الثقة : لقاح أًكسفود.. أعطت شركة الأدوية البريطانية Astrazeneca إشعارًا للبيت الأبيض بأنها لن تتخذ طرقًا مختصرة في تجارب السلامة للقاح #كوفيد_19 الذي طورته جامعة أكسفورد لتعزيز فرص الرئيس ترامب في إعادة انتخابه. https://t.co/eXxF1FzkP5 	 4
arabic/1E_favorite query:الرجال المسنّون سيحتاجون 3 جرعات من لقاح #كورونا • #النساء في مختلف الأعمار تكفيهن جرعة واحدة https://t.co/kQQ59feyS6 	 2
arabic/1E_favorite query:التجارب البشرية على لقاح فايروس #كورونا ستبدأ هالشهر و أحد الشركات تعرض 1100 دولار لكل شخص مستعد انه يشارك في تجربة اللقاح على عدة جرعات تفاصيل أكثر: https://t.co/4zk7D8seVt https://t.co/z6TKsmFcyY 	 86
arabic/1E_favorite query:سمو أمير البلاد المفدى يوجه بتقديم 150 مليون دولار على مدى 6 أشهر دعما لقطاع غزة، وذلك استكمالا لجهود دولة قطر في التخفيف من معاناة الشعب الفلسطيني الشقيق، ودعما  لبرامج الأمم المتحدة الإغاثية والإنسانية في قطاع غزة، ولمكافحة تفشي فيروس كورونا المستجد (كوفيد-19). #قنا https://t.co/tipFWF1Dwb 	 700
arabic/1E_favorite query:تأمل شركة الأدوية البريطانية السويدية، أسترازينيكا في بدء انتاج لقاح عالمي لكوفيد-19 #كورونا في نهاية العام🙏🏼💉 بعد التعاون مع جامعة أكسفورد البريطانية وإعلان الباحثين عن نتائج أولية مبشرة عقب تجربة المرحلتين الأولى/الثانية من اللقاح وثبوت فعاليته في توليد أجسام مضادة.#السويد https://t.co/M3wbZ7gRRX 	 267
arabic/1E_favorite query:#الصين.. أول براءة اختراع للقاح ضد #كورونا لمعرفة تفاصيل اللقاح 👈: https://t.co/zYCKjkhCcn https://t.co/IqYDsa8Adn 	 13
arabic/1E_favorite query:#ما_خفي_أعظم - #تجارة_الوباء : شركة جلعاد ادعت ابتكار لقاح ضد #فيروس_كورونا مما ساهم في ارتفاع اسهمها لكن تاريخ الشركة مع لقاح Tamiflu يثبت أن هدفها يبقى ربحي قبل البحث في جدوى اللقاح وخطورته على صحة الفرد https://t.co/S53dtrRJC0 	 6
arabic/1E_favorite query:المتحدث الرسمي باسم #وزارة_الصحة الدكتور #عبدالله_السند : *مؤشرات إيجابية لقرب إنتاج لقاح #كورونا #كوفيد_19 #إسأل_الصحة #المرحلة_الثالثة #التباعد_الجسدي #فيروس_كورونا_المستجدّ https://t.co/JpNUScsCFT 	 0
arabic/1E_favorite query:طال عمرك دكتور تغريدات كثيره جدا وحوارات اكثر مع الاصدقاء حول هذا الموضوع ومنذ زمن بعيد انا لست عالم بالفيروسات او دكتور متخصص بها ولكن عندي عقل وافكر واستنتج الفيروس مشتق من عائله الانفلونزا ولم يستطع احد من عشرات السنين ان يجد لقاح او علاج لذلك فكيف تكون الكرونا مختلفه؟ https://t.co/liZWj66L2I 	 3
arabic/1E_favorite query:عاجل | وزير الصحة الإيراني : اللقاح الايراني لكورونا على اعتاب التقييم السريري. #اللقاح_الإيراني #فيروس_كورونا https://t.co/bx9V3Vmi4r 	 144
arabic/1E_favorite query:قراءة في تغريدات الخائن حمد بن جاسم : هو اكثر واحد يدرك الى اين متجهه قطر كورونا ينتشر بالعالم وكله مشغول بدولته ولا احد سيلتفت تحريض قطر وسعيها للفوضى فدورها الان لاقيمة له وايضا سعر الغاز والنفط هبط كثيرا فلا دخل يغطي الميزانية وايضا الاستثمارات القطربة كلها ستخسر ولن تدر دخلا 	 20
arabic/1E_favorite query:بلادنا الكويت من ضمن أفضل 40 دولة بمواجهة فيروس كورونا أعلنتها منظمة الصحة العالمية ليس من ضمن القائمة جماعة السبعتلاف شلولو الذين يكذبون بأنهم إخترعوا لقاح كورونا https://t.co/Hj9iiKwS26 	 187
arabic/1E_favorite query:ياباني كتب: لم أدخن أبداً،ليس لدي مرض مزمن،لدي تطعيم من السل،ببداية العشرينات،دمي O+،من خلال هذه المعلومات ليس علي خطر من #كورونا ،لكن عندما أصبت كانت درجة حرارتي ٤٠,٥،صعوبة تنفس،خروج دم مع الكحة،وإستمرت هذه الأعراض معي لفترة أربعة أشهر. أي شخص معرض لخطر كورونا https://t.co/UCQcBjOdXq 	 25
arabic/1E_favorite query:لقاح فيروس كورونا سيكون اختياريا حال توافره.. هل توافق على أخذ اللقاح؟ وما السبب؟ 	 38
arabic/1E_favorite query:#عاجل | بوتين: #روسيا طورت "أول" لقاح مضاد لفيروس #كورونا (كوفيد-19) https://t.co/gUMr9950Rx 	 3
arabic/1E_favorite query:تطعيم #كورونا في #روسيا اجباري ، ياليت يكون عندنا اجباري 😏 https://t.co/uvWV7altHQ 	 0
arabic/1E_favorite query:المغرب يوقع اليوم الخميس بالرباط، اتفاقيتي شراكة مع المختبر الصيني "سينوفارم" (CNBG) في مجال التجارب السريرية حول اللقاح المضاد لـ"كوفيد-19". #المغرب #الرباط #بكين #الصين #لقاح #فيروس #كورونا https://t.co/Phhkrvewxu 	 49
arabic/1E_favorite query:وزير الصحة الروسي : انتهاء التجارب السريرية في مركز غامالي للقاح ضد فيروس #كورونا وسيتم استخدام هذا اللقاح بعد تسجيله لتطعيم العاملين في القطاع الطبي وفي المدارس في المقام الأول . https://t.co/BbBLA6UUkW 	 16
arabic/1E_favorite query:#أخبار_العالم #منظمة_الصحة_العالمية.. #مصر و #إيران تطوّران لقاحا ضدّ فيروس #كورونا https://t.co/Rlo7cBESNm 	 21
arabic/1E_favorite query:واعد|| السلطات الحكومية في #الصين تستخدم أقلية #الأويغور المسلمة لإجراء تجارب لقاح #فيروس_كورونا عليها. التفاصيل: https://t.co/Do6jrOZIoA 	 2
arabic/1E_favorite query:الرئيس الامريكي دونالد ترامب: من المحتمل أن يكون لدى الولايات المتحدة لقاح فيروس كورونا قبل انتخابات 3 نوفمبر ، وهي توقعات أكثر تفاؤلا من التوقيت الذي وضعه خبراء الصحة في البيت الأبيض. https://t.co/GCnZuCfvkx 	 91
arabic/1E_favorite query:ترامب يقول إن الولايات المتحدة توصلت إلى اتفاق مع شركة مودرنا مقابل 100 مليون جرعة من لقاح فيروس كورونا 	 29
arabic/1E_favorite query:لقاح #كورونا الصيني يدخل على الخط.. و #إندونيسيا تجربه #عكاظ #ان_تكون_اولا #تطبيق_عكاظ #كورونا #corona https://t.co/b7db0NEIbG 	 10
arabic/1E_favorite query:#ترمب يتعهد بتوفير لقاح لـ #كورونا قبل نهاية العام #عكاظ #عاجل #أن_تكون_أولا #تطبيق_عكاظ https://t.co/cnorpPr388 	 25
arabic/1E_favorite query:خبر جميل كجمال أرواحكم تمت الموافقة على لقاح فيروس كورونا ( ساينوفاك ) للاستخدام في حالات الطوارئ كجزء من برنامج في الصين لتطعيم المجموعات المعرضة للخطر مثل الطاقم الطبي. https://t.co/jEIZVOBZtc 	 118
arabic/1E_favorite query:شحنة أموال ورقية من الدوحة لطهران ومن ثم شحنة أسلحة من طهران للحزب الشيطاني في بيروت ومن ثم شحنة كورونا لأهل قطر ..!!  كان الله بعون شرفاء قطر .. 	 177
arabic/1E_favorite query:عاجل: الرئيس الروسي فلاديمير بوتين يعلن عن تسجيل أول لقاح ضد فيروس #كورونا في العالم.. #صباح_الخير #فيروس_كورونا #كوفيد١٩ #روسيا https://t.co/l6W5ma2wvS 	 45
arabic/1E_favorite query:🟠 الرئيس الروسي فلاديمير #بوتين يعلن عن تسجيل أول لقاح ضد فيروس #كورونا المستجد "كوفيد-19" في روسيا. (جريدة الوطن) https://t.co/egfz1UYBM4 	 419
arabic/1E_favorite query:تجربة اللقاح المحتمل ضد فيروس كورونا بمملكة البحرين يأتي بالتعاون القائمين على التجربة في دولة الامارات العربية المتحدة الشقيقة وشركاء المبادرة من جمهورية الصين الشعبية وتستمر التجارب السريرية في مرحلتها الثالثة لمدة 12 شهراً #نواصل_بعزم #كلنا_فريق_البحرين https://t.co/TX0AHssVd3 	 5
arabic/1E_favorite query:متحدث الصحة: - على مَن تلقى لقاح كورونا عدم مخالطة المصابين حتى يمضي الفترة الزمنية المحددة. - الفوارق بين اللقاحين المعتمدين في المملكة محدودة جدا. - لا صحة بأن الجسم يكون ضعيفًا بعد تلقي اللقاح. - عدم أخذ لقاح كورونا هي مغامرة وخطوة خطيرة. https://t.co/NOR8gGcIo4 	 33
arabic/1E_favorite query:عفواً عزيزي عادل ..هناك اتفاقية عالميّة بين جميع الشركات المنتجة للقاح ألاّ يزيد سعرها عن 10$ تسمي Vaccine Nationalism بحيث مهما تزيد التكلفة على أي شركة تلتزم بال 10$. ولا يخفى عليك أن اي لقاح ثلث السكان لا يستطعون أخذه لسبب او لآخر 3 دنانير × 5 مليون هو 15 مليون دينار فقطط https://t.co/XojVjX2gEO 	 5
arabic/1E_favorite query:مصادر مطلعة تتحدث عن طائرة #قطرية شحن أتت من #ايران الى #لبنان وهبطت في مطار رفيق الحريري الدولي(رغم إقفال المطار )وعلى متنها لبنانيين وإيرانيين مصابين بفيروس #كورونا وقد دخلوا لبنان بطريقة احتيالية لهذا السبب ارتفعت  الإصابات ب #فيروس_كورونا في #لبنان. https://t.co/u4yIWGyNSX 	 151
arabic/1E_favorite query:#منظمة_الصحة_العالمية : العالم قد يتعافى بوتيرة أسرع إذا أتيح #لقاح #كورونا للجميع #بوابة_الأخبار https://t.co/biJ3PhE3X7 	 2
arabic/1E_favorite query:قالت وزارة الصحة الروسية، إن تجربة استخدام اللقاح الروسى الجديد بتعاطيه على مرحلتين، تخلق مناعة ضد فيروس كورونا تستمر لمدة تصل إلى عامين. https://t.co/umQGF4HB7R https://t.co/nxSWfxhDnh 	 2
arabic/1E_favorite query:منظمة الصحة العالمية: - تعلن عن تشكيل فريق لرصد "تحورات" فيروس #كورونا .. - تؤكد أن هناك حاجة لمزيد من الأبحاث بشأن تحور فيروس كورونا.. -تأمل بإنتهاء وباء كورونا في أقل من سنتين - من المتوقع التوصل إلى لقاح في نهاية عام 2020 على أن يكون اللقاح متاحًا للجميع في عام 2021 .. 	 3
arabic/1E_favorite query:منذ لحظة الإعلان عن لقاح #سبوتنيك الجاهز، حامت شكوك حول اللقاح من جنيف إلى برلين وصولا إلى واشنطن.. #روسيا تباغت العالم بالإعلان عن أول لقاح لـ #كورونا يثير الجدل في الأوساط العلمية الغربية #العربية https://t.co/eHfERCGVtq 	 33
arabic/1E_favorite query:دزتيدروس مدير الصحة العالمية: يجب ان تمتنع الدول عن "قومية" اللقاح بل يجب توزيع عادل لكل البلاد ده بمناسبة ان الدول الغنية عملت تعاقدات مع كل الشركات ال محتمل لقاحها ينجح وحجزت ملايين الجرعات وكده سابو فتات لباقي الكوكب https://t.co/Woh6HW0LlS 	 2
arabic/1E_favorite query:#مع_الحكيم لقاح من #تايلند لـ #كوفيد_19 يعمل باحثون من مركز أبحاث اللقاحات في جامعة شولا لونغ كورن في العاصمة التايلاندية بانكوك بالتعاون مع جامعة بنسلفانيا، في الولايات المتحدة على تطوير لقاح ضد فيروس كورونا المستجد... التفاصيل 👈 https://t.co/rC5bBAy1wn #corona #كورونا https://t.co/yxIig2qcNF 	 1
arabic/1E_favorite query:✅ 5 الاف متطوع سيتم استهدافهم لتجربة لقاح #فيروس_كورونا في السعودية 🇸🇦 ✅ بعد ان تم التأكد من فاعلية وأمان اللقاح في المرحلتين الأولى والثانية في الصين 🇨🇳 	 174
arabic/1E_favorite query:الصحة العالمية: هناك 6 لقاحات ضد #كورونا في مرحلة "متقدمة للغاية" https://t.co/pIj9yRVTJO https://t.co/hfgu9ydq3v 	 1
arabic/1E_favorite query:#الجامعة_اليوم| تشهد إقبالا من المواطنين والمقيمين للحصول على لقاح فيروس #كورونا وسط إجراءات تنظيمية ووقائية. https://t.co/e5m5JwDRZ4 	 45
arabic/1E_favorite query:الرئيس الأمريكي دونالد ترمب يعلن عن عقد بقيمة 1.5 مليار دولار لتسليم 100 مليون جرعة من لقاح #كورونا التجريبي الذي تُعدّه شركة "موديرنا"، وهو العقد السّادس من نوعه منذ مايو/أيّار https://t.co/91xQrmHIle 	 28
arabic/1E_favorite query:عاجل:  . تعليق جميع رحلات الطيران الداخلي بالسعودية والحافلات وسيارات الأجرة والقطارات لمدة 14 يوماً ابتداءً من الساعة السادسة صباحاً من يوم غدٍ السبت. . #السعودية #المملكة #كورونا 	 7795
arabic/1E_favorite query:عاجل الجزيرة | المستشارة الألمانية تعلن تخصيص 525 مليون يورو لدعم بحوث إنتاج لقاح فيروس كورونا 	 2
arabic/1E_favorite query:#إندونيسيا تبدأ اختبار لقاح صيني ضد فيروس #كورونا المستجد. وسبق أن اختبر هذا اللقاح على 9 آلاف متطوع في البرازيل. https://t.co/KCcanvi5gF 	 1
arabic/1E_favorite query:🛑 فاوتشي يعرض 3 شروط للسيطرة على فيروس كورونا "بشكل جيد جداً" ١- الالتزام في توصيات وزارة الصحة التباعد ٢- تنظيم مناعة القطيع بتدرج ٣- ايجاد لقاح فعال . . https://t.co/elOsfIVV73 	 2
arabic/1E_favorite query:لقاح واعد للإيدز يعمل بتقنية تحرير #الجينات صحيفة #المسار #عُمان ُ https://t.co/s3T2ByyzKO 	 2
arabic/1E_favorite query:شركتان تتنافسان على المركز الأول في تطوير لقاح ضد فيروس #كورونا.. فهل سيكون جاهزاً بحلول نوفمبر وتصدق توقعات #ترامب؟ هذا ما يقوله الخبراء لـCNN.. شاهد https://t.co/6julO1mBIw 	 48
arabic/1E_favorite query:هل يوجد لقاح يحمي من الثآليل التناسلية والسرطان؟ في هذا الفيديو تعرض دكتورة ساندرين عطالله فوائد ومميزات لقاح فيروس الورم الحليمي البشري HPV @DrSAtallah #الحب_ثقافة #لقاح #فيروس #سرطان #الأمراض_المنقولة_جنسياً https://t.co/0Fw7sgPhUw 	 33
arabic/1E_favorite query:مراكز تقديم لقاحات كورونا في خدمتكم بمنطقة #نجران من خلال (٤) مراكز . اللقاح آمن ويحميك وأحبابك من الإصابة بالفيروس بإذن الله. سجل الآن عبر تطبيق صحتي لأخذ موعد للقاح: https://t.co/LT4wlEC8HR https://t.co/5vD2GUFGYF 	 4
arabic/1E_favorite query:#عاجل بالوثيقة...الصحة تبحث عن متطوعين لتجريب مطعوم للكورونا من " صنع صيني اماراتي " https://t.co/uDJeH6uhTn #الوقائع #الوقائع_الاخبارية #الاردن الوقائع - alwakaai #الاردن #كورونا #حظر_تجول #خليك_بالبيت 	 3
arabic/1E_favorite query:عاجل | الرئيس الروسي يعلن أن ابنته تلقت اللقاح ضد فيروس كورونا 	 20
arabic/1E_favorite query:#اخبار_الكشك | وصول الدفعة الأولى من لقاح كوفيد-19 لمطار الخرطوم قبل قليل، والتي تحتوي على 820،000 جُرعة، ويعتبر السودان أول دولة في منطقة شرق المتوسط تستلم اللقاحات عبر آلية #كوفاكس، يذكر أن الأولوية للكوادر الطبية التي تعمل على مجابهة الجائحة بالمستشفيات. #COVAXSudan 	 7
arabic/1E_favorite query:شركة #بيونتك الألمانية وقعت مع الولايات المتحدة الامريكية لتزويدها ب600 مليون جرعة من لقاح #كورونا ، وتدفع واشنطن بموجب العقد 1.95 مليار دولار لكل 100 مليون جرعة! https://t.co/F9WtmiUhQs 	 5
arabic/1E_favorite query:أبشروا يا أهل الارض.. أول لقاح في العالم ل #فيروس_كورونا سيكون روسياً ورح يتسجل رسمياً في ١٢ آب وسيكون متوفراً تجارياً في أيلول.. فعلها رجال #ابو_علي_بوتين نحو انقاذ البشرية ❤️ https://t.co/CXdThcTwbi 	 969
arabic/1E_favorite query:58 من ال70 حالة المعلنة قبل قليل لمخالطين حضروا مناسبات اجتماعية ولقاءات عائلية.. ياجماعة الخير اقعدوا في بيوتكم واتقوا الله في أنفسكم وفي أسركم وأحبابكم وأصدقائكم ومجتمعكم .. يبدو لي أن قرار حظر التجول الإلزامي هو الحل 	 6801
arabic/1E_favorite query:#مع_الحكيم لقاح إيطالي يحتوي أجساما مضادة لفيروس #كورونا يأتي هذا في حين أعلنت شركة إيطالية أنها تصور لقاحا لكورونا يعمل على الخلايا البشرية. فقد أعلنت شركة Takis، أنها تطور لقاحًا مضادًا للفيروس... التفاصيل 👈 https://t.co/a2rDr2Dbfo #كوفيد19 #covid19 #coronaupdate #corona https://t.co/jlbdAfutu4 	 1
arabic/1E_favorite query:#روسيا .. مركز العمليات لمكافحة فيروس كورونا يعلن عن وفاة 129 شخصا وتسجيل 5102 إصابة جديدة بفيروس كورونا خلال الساعات الـ24 الماضية. وبوتين يتحدث عن لقاح روسي ناجع ضد الفيروس 🤔...!! 	 33
arabic/1E_favorite query:الرئيس الأمريكي، #دونالد_ترامب، يتعهد بتوفير لقاح لفيروس #كورونا قبل نهاية العام #الغد_المشرق https://t.co/cfHWGa9XPf 	 8
arabic/1E_favorite query:#ألمانيا على يقين من توفر لقاح لفيروس #كورونا العام القادم وربما خلال شهور https://t.co/dZe21yqlOw 	 1
arabic/1E_favorite query:بعيداً عن الوضع المحلّي الزفت، #روسيا تُسجّل أوّل لُقاح ضدّ ڤيروس #كورونا وتقول أنّ الإنتاج الصناعي يبدأ في شهر أيلول، ٢٠ دولة تقدّمت بطلب شراء مليار جرعة من اللقاح https://t.co/1MlPYEn2XJ 	 214
arabic/1E_favorite query:فال الرئيس الأميركي دونالد #ترامب إنه من الممكن أن يتوفر لقاح لفيروس #كورونا فى الولايات المتحدة "قبل موعد الانتخابات الرئاسية"، المقرر إجراؤها فى الثالث من نوفمبر المقبل. وردا على سؤال يقول "أقرب من الثالث من نوفمبر؟"، قال الرئيس الأميركي: "أعتقد في بعض الحالات.. نعم يمكن قبله. https://t.co/p3NtF3c2eQ 	 17
arabic/1E_favorite query:- شركة Pfizer وBioNTech تُعلنان توريد 120 مليون جرعة من لقاح فيروس #كورونا إلى #اليابان - ولم تكشف الشركتان عن التفاصيل المالية للاتفاقية، لكنهما قالا إن الشروط تستند إلى حجم الجرعات وتوقيت التسليم. https://t.co/JClUrJcWqA 	 34
arabic/1E_favorite query:#روسيا تجرب لقاح «#كورونا» على 40 ألف شخص #عكاظ #ان_تكون_اولا #تطبيق_عكاظ #كورونا #corona https://t.co/ZwhPMBduko 	 14
arabic/1E_favorite query:بيانات الصحة البريطانية تقول أن جرعة واحد من لقاح فايزر أو اكسفورد يحمي بنسبة أكثر من 80% , خبر رائع ويختصر وقت طويل بحيث يُعطى كل الناس جرعة واحدة وعند الإنتهاء من الجميع يتم العودة وإعطاء الجرعة الأخرى. https://t.co/VLWCd9pSM7 	 12
arabic/1E_favorite query:#روسيا .. معهد "غماليا" ينشر نصائح وتعليمات يجب اتباعها أثناء استخدام اللقاح "سبوتنيك-V" ضد #كورونا https://t.co/avLhvg13SI #العربية 	 7
arabic/1E_favorite query:فيديو توضيحي لمبدأ "مناعة القطيع" عند عدم وجود اشخاص لديهم مناعة بسبب اصابة سابقة او اخذ لقاح (مربع ازرق) تنتشر العدوى كما هو موضح في اليسار والوسط عندما تصل نسبة الاشخاص ذوي المناعة السابقة الى 80% .. ينحسر انتشار العدوى بشكل تام تقريبا #كورونا #كوفيد_19 https://t.co/AatcJvCOpC 	 35
arabic/1E_favorite query:عاجل | شركة مودرنا الأمريكية: إنتاج الدفعة الأولى من لقاح فيروس كورونا في يوليو تموز المقبل بهدف الوصول إلى مليار جرعة 	 110
arabic/1E_favorite query:رئيس وزراء الهند ناريندا مودي، يعلن أن بلاده جاهزة لإنتاج كميات ضخمة من لقاحات "كوفيد-19" عندما "يعطي العلماء إشارة البدء". #الهند #لقاح #فيروس #كورونا #صحة https://t.co/N66YQR3ekp 	 58
arabic/1E_favorite query:#عاجل.. روسيا تكشف عن خطة لإنتاج أكثر من 6 ملايين جرعة من لقاح فيروس #كورونا شهرياً #نتصدر_المشهد #COVID19 https://t.co/KU9jJLANYC 	 4
arabic/1E_favorite query:ماذا في #اللقاح المنتظر؟ #ديفيد_آيك في لقاءه الخامس يبين ما يبيتونه للبشرية عبر لقاح #كورونا المنتظر https://t.co/oeDjz1uESc 	 1034
arabic/1E_favorite query:تنوه منظمة الصحة العالمية إلى أن لقاح فيروس كورونا 'بمفرده' (لن ينهي الوباء).. وأن (الأمور لن تعود إلى ما كانت عليه في السابق).. لقاح لا ينهي وباءً ولا يحل أزمة ولا يجدي نفعاً ولا يؤمن جانبه.. تماماً كصاحبة هذا التنويه..! . https://t.co/G1c8KsXvtU 	 22
arabic/1E_favorite query:علماء تايلانديون يطورون لقاح COVID-19 باستخدام أوراق التبغ . اللقاح يتم إنتاجه من خلال دمج الحمض النووي للفيروس في أوراق التبغ. يستجيب النبات للحمض النووي وينتج البروتينات بعد حوالي أسبوع. يتم استخراج هذه البروتينات لصنع اللقاح. 	 4
arabic/1E_favorite query:وزير الصحة: الأردن سيشتري لقاح روسيا ضد #كورونا إن ثبتت نجاعته للتفاصيل: https://t.co/AGFpfGgt9p #نتصدر_المشهد #COVID19 https://t.co/sEiJqGZUXN 	 6
arabic/1E_favorite query:عاجل | منظمة الصحة العالمية: مذكرة التفاهم مع بنك الاستثمار الأوروبي ستفيد في تمويل أبحاث إنتاج لقاح لفيروس #كورونا 	 25
arabic/1E_favorite query:وزير الصحة لقاح #كورونا قريب بإذن الله وسنمدِّد #التعليم_عن_بعد حال عدم توافره. 	 3
arabic/1E_favorite query:هذا العام مع انتشار جائحة #كورونا على قدم وساق قد تتساءل "هل يجب أن أحصل على لقاح الأنفلونزا؟" الإجابة نعم ✅ 🛑 أحث الجميع على الحصول على لقاح الأنفلونزا هذا الموسم يمكن أن يساعدنا الحصول على لقاح #الإنفلونزا على تجنب وباء ثان هذا العام بينما لا نزال نتعامل مع الوباء الأول https://t.co/zXLhLfWesD 	 13
arabic/1E_favorite query:عاجل | 20 دولة طلبت مسبقاً مليار جرعة من اللقاح الروسي ضد فيروس كورونا 	 72
arabic/1E_favorite query:اتهم الرئيس الأميركي دونالد ترامب أعضاء "الدولة العميقة" في إدارة الغذاء والدواء الفيدرالية (FDA) بإبطاء اختبار لقاحات #كوفيد19 لإلحاق الضرر بإعادة انتخابه في الانتخابات الرئاسية المقبلة. https://t.co/N6dloixjq1 	 9
arabic/1E_favorite query:💠عاجل الرئيس الأمريكي ترامب يعان عقد صفقة بقيمة 1.525 مليار دولار مع شركة مودرنا - Moderna لتصنيع 100 مليون جرعة من لقاح كورونا بمجرد الموافقة عليه، تعليقي: يبدو ان اعلان روسيا عن لقاحها اطلق سباق لقاحات بعد سباق التسلح. د. حيدر سلمان https://t.co/TPRXRiNhhH 	 11
arabic/1E_favorite query:#روسيا: 20 دولة قدمت طلبات للحصول على لقاح " #سبوتنيك" المضاد لـ #فيروس_كورونا #كورونا https://t.co/Ohox71hrHa 	 53
arabic/1E_favorite query:#مع_الحكيم فاوتشي: لقاح #كورونا قد يكون فعالا جزئيا دعا كبير خبراء الأمراض المعدية في الولايات المتحدة "أنتوني فاوتشي"، إلى ضرورة الاستمرار في فرض تدابير الصحة العامة للسيطرة على الوباء، قائلا إنه يمكن التوصل للقاح ضد كورونا... التفاصيل 👈 https://t.co/MCNsOyTdYT https://t.co/2wJ5XFsggj 	 0
arabic/1E_favorite query:وصلت وفيات كورونا بايران لـ١٤٧٠ وايطاليا تجاوزت الصين بـ ٣٩٤٩وفاة  والإصابات بدويلة قطر ٥٠٢حالة والسعوديين يحجرون على مواطنيهم بمنتجعات جزر المالديف وفنادق الساحة الحمراء بموسكو والكويتيون يستعينوا بعلى بن ابي طالب لطرد الفايرس والعراقيون يستقبلون مرضى إيران #عبدالكريم_المهنا https://t.co/bGQr7IWFE2 	 601
arabic/1E_favorite query:عاجل: رويترز نقلاً عن المتحدث باسم منظمة الصحة العالمية: لا يجب أن نتوقع اكتشاف لقاح لفيروس #كورونا قبل 12 شهراً أو أكثر. #مباشر 	 74
arabic/1E_favorite query:بالتعاون مع شركة كان سينوا الصينية .. وزارة الصحة السعودية ستجري تجارب سريرية على لقاح محتمل لفيروس #كورونا https://t.co/sF9vZibOUC 	 10
arabic/1E_favorite query:ابنة #الرئيس الروسي لحظة تلقيها لقاح #كورونا الأول عالمياً... https://t.co/Qoa5wvynjM 	 82
arabic/1E_favorite query:وافقت #روسيا على لقاح لفيروس #كورونا لاستخدامه في عشرات الآلاف من الأشخاص ، على الرغم من عدم اختبار فعاليته بدقة ، وفقًا لتقارير إخبارية. أطلقت روسيا على اللقاح المعتمد حديثًا "سبوتنيك الخامس" ، في إشارة إلى أول قمر صناعي روسي في العالم ، تم إطلاقه عام 1957 . https://t.co/8s3246fxSx 	 15
arabic/1E_favorite query:متحدث وزارة الصحة: بادروا بالتسجيل لأخذ لقاح كورونا حتى نعود لحياتنا الطبيعية. 	 551
arabic/1E_favorite query:3 أيام تفصل #العالم عن أول لقاح معتمد لـ #فيروس_كورونا #كورونا https://t.co/Myn1d05pU0 	 112
arabic/1E_favorite query:#سيف_بن_زايد: في سبيل الإنسانية 15 ألف متطوع من 107 جنسيات تعيش في دولة #الإمارات من مواطنين ومقيمين يشاركون في تجارب لقاح "كوفيد19" غير النشط #نتصدر_المشهد #نلتزم_لننتصر #COVID19 #CommitToWin https://t.co/ZVgT5PBs0E 	 8
arabic/1E_favorite query:📌 الرئيس الروسي #بوتين يكشف عن حصول ابنته على أول لقاح ضد #كورونا بعد التأكد من فاعليته وتسجيله رسميا في #روسيا .. https://t.co/EioNHvcJQ9 	 45
arabic/1E_favorite query:وزارة الصحة : تم التأكد من فاعلية وأمان اللقاح الصيني الجديد ضد #فيروس_كورونا في المرحلتين الأولى والثانية.. وستنفذ المرحلة الثالثة في المملكة على 5000 متطوع كحد أدنى من الأصحاء من هم فوق سن 18 عاماً 	 30
arabic/1E_favorite query:#مع_الحكيم تحذيرات من التوقعات الخاطئة بشأن توفر لقاح في سبتمبر/ أيلول #كوفيد19 #covid19 #coronaupdate #corona #كورونا https://t.co/a4pAqiu0nj 	 1
arabic/1E_favorite query:15 ألف #متطوع من 107 جنسيات يشاركون بتجارب #لقاح_كورونا في #دولة_عربية #لقاح #كورونا #فيروس_كورونا #صحة #السومرية https://t.co/Ld9Rfy5PDr 	 19
arabic/1E_favorite query:#عاجل.. رئيس شركة الصين الوطنية للصناعات الدوائية: لقاح فيروس #كورونا سيكون متاحاً تجارياً بحلول نهاية العام الجاري #نتصدر_المشهد #COVID19 https://t.co/8Z1eJCyZhu 	 5
arabic/1E_favorite query:تعرف على تفاصيل أول لقاح روسى لـ #فيروس_كورونا فى 10 معلومات #كورونا #روسيا https://t.co/lnzb3f3Eqp 	 26
arabic/1E_favorite query:#ترمب بعد قنبلته المثيرة.. ان #الدولة_العميقة وراء هيئة الغذاء والدواء FDA حتى تتعمد وضع العراقيل امام شركات الدواء لتأخير لقاح #كورونا الى ما بعد الانتخابات .. ترمب قبل قليل يشكر الهيئة على السماح باستخدام بلازما دم المتعافين في اختبارات علاج مرضى #كوفيد_19 https://t.co/3qFaySmZ2Y 	 168
arabic/1E_favorite query:🔴 عاجل | تجاوزت الجرعات المعطاة لـ #لقاح_كورونا في السعودية 🇸🇦 المليون جرعة . 	 150
arabic/1E_favorite query:الناطق بإسم الحكومة : الصحة⁩ ملتزمة بالمعايير الصادرة من منظمة الصحة العالمية⁩ .. ومنفتحون على الجميع حول لقاحات فيروس كورونا https://t.co/l39iRBh3ku 	 2
arabic/1E_favorite query:روسيا تعلن عن اول لقاح لفيروس #كورونا في العالم وتطلق عليه اسم Sputnik V وتقول ان 20 دولة طلبت مليار جرعة منه خلال اول 24 ساعة لكن الأطباء والعلماء والخبراء في العالم يقولون ان اللقاح الروسي لا يعتد به. احذروا تجار الأدوية فهم اخطر من تجار الأسلحة 	 149
arabic/1E_favorite query:نيويورك تايمز-أصبحت روسيا أول دولة توافق على لقاح لاستخدامه ضد فيروس كورونا ، على الرغم من أن التجارب السريرية لم تكتمل بعد. أثار هذا الإعلان مخاوف دولية من أن موسكو كانت تختصر الاجراءات لأسباب سياسية. https://t.co/5LBVRAXThP 	 12
arabic/1E_favorite query:#عاجل #الشبيبة| وزير الصحة الروسي يعلن عن موعد نشر الأبحاث المتعلقة بأول لقاح ضد #كورونا https://t.co/tnoqWmKiks 	 32
arabic/1E_favorite query:أنتجت روسيا أول لقاح ل #كورونا واعلنت أنه سيكون متوفرا بشكل تجاري في شهر تشرين أول القادم / اكتوبر. https://t.co/JOhPY1mJbz 	 11
arabic/1E_favorite query:كورونا ليس له علاج محدد ناجع بعد.. كورونا ليس له لقاح بعد.. كورونا فيروس خطر تسبب ويتسبب بالوفاة لكبار السن وأصحاب الأمراض المزمنة والتنفسية وما أكثرهم بيننا .. هل تنتظرون وفاة أحد قريب وغالي من هؤلاء حتى تصدقوا أن الأمر خطير وجدّي.. اتقوا الله في أحبابكم وأحبابنا والتزموا.. 	 9333
arabic/1E_favorite query:الصحة العالمية ردا على لقاح #فيروس_كورونا الروسي: لم نرى أي شيء رسمي حتى الآن - دعت إلى الامتثال للبروتوكولات واللوائح لإنجاز الأمور بطريقة آمنة وفعالة - أي لقاح يجب أن يخضع لجميع التجارب والاختبارات قبل الموافقة على نشره https://t.co/Mj4wicPoqE 	 3
arabic/1E_favorite query:بالفيديو.. أول مواطنة تتلقى لقاح «كورونا» في منزلها ضمن خدمة الرعاية المنزلية https://t.co/BvAdWK0t6T #لقاح_كورونا #الرعاية_المنزلية #السعودية https://t.co/jUpBs6t2Px 	 7
arabic/1E_favorite query:العالم يتسابق لانتاج لقاح #كورونا ولا يهم من الأول سيفرح العالم بأول لقاح اعلان روسيا السابق لأوانه عن اختراع اللقاح لا يفرحنا لأنه لم يتم تجريبه على آلاف الناس لمعرفة الأعراض الجانبية ولو جربه بوتين على ابنته هناك تحفظات في #ألمانيا على اللقاح الروسي https://t.co/UuRByiAjIV 	 41
arabic/1E_favorite query:#شاهد.. ابنة #الرئيس_الروسي تتلقى حقنة بأول #تطعيم في العالم ضد فيروس #كورونا مثلما أعلن #بوتين صباح الثلاثاء https://t.co/rCuxFhWwDk #صحيفة_الخليج #روسيا #كوفيد_19 https://t.co/BVZGXMxV8d 	 714
arabic/1E_favorite query:د. عماد الجابر: إعلان #روسيا عن لقاح لفيروس #كورونا هو إعلان سياسي أو صحفي أكثر ما هو إعلان علمي https://t.co/WWvfjskxS3 	 81
arabic/1E_favorite query:الصحة: مؤشرات إيجابية لقرب إنتاج لقاح لفيروس #كورونا https://t.co/rRd3G1XN57 	 4
arabic/1E_favorite query:تذكرون التجارب البشرية اللي سوتها شركة Moderna على لقاح #كورونا ؟ النتائج الاولية طلعت اليوم والحمدلله انها مبشرة بالخير 👌🏼 https://t.co/v25j4EPQ7d https://t.co/lof21NLqkI 	 41
arabic/1E_favorite query:تم اليوم بحمد الله شفاء 9 حالات من المصابين بفيروس كورونا المستجد، ليصبح عدد المتعافين 39 حالة. كتب الله الشفاء العاجل للبقية وحمى الجميع من كل شر. 	 7904
arabic/1E_favorite query:#بوتين يعلن أن #روسيا طورت أول لقاح لكوفيد-19 #أخبار_روسيا #كورونا https://t.co/yuZVNmihwc 	 3
arabic/1E_favorite query:روسيا تخطط لإنتاج 6 ملايين جرعة شهريا من لقاح #فيروس_كورونا https://t.co/PllBjHxFLx 	 6
arabic/1E_favorite query:فاوتشي يستبعد إلزام الأميركيين بتلقي لقاح كوفيد-19 .. #كورونا #كوفيد_19 #بوابة_الأخبار https://t.co/meejsKAiwG 	 1
arabic/1E_favorite query:#منظمة_الصحة_العالمية تحض الدول على الانضمام لبرنامج اللقاح المشترك لـ #كورونا #أخبار_الآن https://t.co/xDE70vnJNQ 	 3
arabic/1E_favorite query:الرئيس الروسي فلاديمير بوتين يعلن عن تسجيل أول لقاح ضد فيروس كورونا في العالم يوفر مناعة مستدامة ضد الفيروس ويعمل بشكل فعال بعد أن اجتاز جميع الاختبارات اللازمة./ وكالات https://t.co/tb9AXs1htF 	 27
arabic/1E_favorite query:وعلى سبيل البشائر ..   إيطاليا تبدأ في استخدام علاج لفيروس كورونا .. وأنباء عن ثبوت فاعليته. (العربية) 	 888
arabic/1E_favorite query:الصحة الروسية: إنتاج أول لقاح روسي ضد #كورونا سيبدأ في موقعي مركز "غمالي" وشركة "بينوفارم" الشهر المقبل. 	 75
arabic/1E_favorite query:#كورونا ،من المرتقب أن تبدأ تجارب المرحلة الثالثة من لقاح Sinopharm في #المغرب الأسبوع المقبل. بحيث سيشارك 600 متطوع من المغرب في هذه التجارب السريرية ، و ذلك في ثلاثة مستشفيات: المستشفى الجامعي بالرباط والدار البيضاء وكذلك المستشفى العسكري بالرباط. 	 27
arabic/1E_favorite query:أول لقاح للفيروس التاجي #كوفيد_19 تم اختباره على البشر حقق نتائج إيجابية ، حيث أظهر عدد قليل من الأشخاص الذين تم اختبارهم مناعة ضد الفيروس #لقاح First COVID-19 Vaccine Tested on Humans Shows Early Promise https://t.co/HMjCFOaMLD via @Medscape 	 3
arabic/1E_favorite query:#الأسواق_الآن #الأسواق_الأميركية تغلق على ارتفاع في ظل استئناف الأنشطة التجارية وحالة من التفاؤل حيال لقاح محتمل لفيروس #كورونا و #داو_جونز ينهي الجلسة مرتفعا أكثر من 500 نقطة https://t.co/Fs6UcY5j8t 	 39
arabic/1E_favorite query:🔴 ابنة الرئيس الروسي بوتين وهي تتلقى اللقاح المضاد لفيروس كورونا المستجد. https://t.co/PnoT6X0QGy #روسيا #موسكو #كورونا #فيروس_كورونا #Russia #RussianVaccine https://t.co/g1uyhxy9KD 	 2
arabic/1E_favorite query:يقول القائمون على تجربة تصنيع اللقاح إنه سيأخذ وقتا طويلا يتراوح بين 6 و10 سنوات، لكن نظرا للظروف الاستثنائية التي فرضها الوباء يحاول الباحثون تقليص المدة بما لا يتعارض مع التأكد من سلامة استخدامه على البشر. #كورونا #covid19 https://t.co/S6shLIS1eJ 	 32
arabic/1E_favorite query:المرحلة الثالثة من تجارب لقاح فيروس كوفيد-19 غير النشط تصل إلى العدد المستهدف من المتطوعين والبالغ 15,000 متطوع خلال أقل من شهر، مسجلة قفزة نوعية نحو تطوير أول لقاح آمن وفعال للوباء كورونا المستجد. https://t.co/yxFiqHo6DO 	 101
arabic/1E_favorite query:بعد ساعات قليلة.. #بريطانيا تبدأ تجربة لقاح ضد #كورونا على البشر | #شاهد_سكاي #كوفيد_19 #خليك_بالبيت https://t.co/RZVtcyX3CG 	 473
arabic/1E_favorite query:ترامب : لقاح فيروس #كورونا قد يكون جاهزاً يوم الانتخابات الرئاسية في 3 نوفمبر . العربية https://t.co/b3lZbcJah9 	 3
arabic/1E_favorite query:فيديو | صحة #القنفذة لـ #الإخبارية: تم تجهيز 10 عيادات بمركز لقاحات #كورونا بـ "القوز" لتقديم الخدمات للمستفيدين #نشرة_النهار https://t.co/nEsP4zItPe 	 82
arabic/1E_favorite query:تسجيل اللقاح الروسي لفايروس #كورونا الاسبوع القادم بتاريخ ١٢ اغسطس، وسيكون أول لقاح في العالم تقريبا. 	 3
arabic/1E_favorite query:@muhaini89 المتوقع في أكتوبر أن تنتج #المانيا لقاح ل #كورونا مجرب وله ثقته وفعاليته 	 2
arabic/1E_favorite query:تخطط دولة روسيا لحملة تلقيح واسعة النطاق ضد فيروس كورونا في أكتوبر ، بعد اجتياز اللقاح الروسي للتجارب السريرية. https://t.co/PBEXWcefsM 	 692
arabic/1E_favorite query:@alhamalhu دكتور حسين، روسيا تجاوزت تجربة اللقاح على الحيوان، واتجهت مباشرةً لتجربته على الإنسان. اعتقد هذا نفس الخبر ولكن باللغة الإنجليزية لمن يريد قراءة الخبر https://t.co/v9PSTJYK4N 	 10
arabic/1E_favorite query:مراسل #العربية في #موسكو مازن عباس: روسيا تبدأ إنتاج لقاح #كورونا والطرح في 15 إقليما خلال أسبوعين مع إجراء المرحلة الثالثة للتجارب السريرية https://t.co/xmes2Fwhw4 	 23
arabic/1E_favorite query:استشاري أمراض المناعة والحساسية طلال نصولي: 1500 وفاة يومية بـ #كورونا في الولايات المتحدة.. وتقدم ملموس في اختبارات لقاح مودرنا #العربية https://t.co/gtNJvDB5Hw 	 16
arabic/1E_favorite query:#اردوغان : نحاول عدم الاعتماد على الخارج ونحرز تقدماً كبيراً في تطوير لقاحات لوباء #كورونا في #تركيا #ترك_بوست https://t.co/7MN0pKVwKh 	 21
arabic/1E_favorite query:وزارة الصحة الروسية تعلن الموافقة على لقاح #كورونا الروسي والرئيس فلاديمير بوتين يعلن أن إبنته قد أخذت اللقاح . تطور مهم تحت المراقبة اعلاميا . 	 6
arabic/1E_favorite query:#عاجل | المستشارة الألمانية أنغيلا ميركل: • أتوقع أن تكون أزمة فيروس #كورونا أكثر صعوبة في الخريف والشتاء المقبلين • الأمور لن تعود إلى طبيعتها حتى نجد لقاحا لفيروس كورونا 	 100
arabic/1E_favorite query:@prof_fraih شفايدة التطعيم اللي م ندري شنو مواده من سموم ومعادن ثقيله ، مثل م المرض كان مصنوع من قبل دول كبرى هم نفسهم صنعوا لقاح مميت وفيه اجنه مجهضه وسموم ومعادن ثقيله مثل الالومنيوم ، كثير ممرضين من الدول الكبرى م اخذوا اللقاح بس يروجونه لدول العرب 	 1
arabic/1E_favorite query:الشركة التي تخترع لقاح #فيروس_كورونا وصلت للمرحلة الثالثة من التجارب اي على البشر. ٣٠ الف يخضعون للتجربة الآن. https://t.co/RvP6sHJJWY 	 36
arabic/1E_favorite query:أمريكا: أي لقاح لـ #كورونا نتوصل إليه سنتيحه للعالم فور تلبية احتياجاتنا https://t.co/CwSjnUk3IM https://t.co/aMHDizG4Kl 	 0
arabic/1E_favorite query:#الاردن ينوى شراء لقاح روسى ضد #فيروس_كورونا لتوزيعه على المواطنين مجانا #كورونا https://t.co/Ibpbu1SFpg 	 78
arabic/1E_favorite query:5000 متطوع في تجارب لقاح #كوفيد_19 للتفاصيل: https://t.co/Dqwfi8jGFE #نتصدر_المشهد #نلتزم_لننتصر #COVID19 #CommitToWin https://t.co/nm2gZbw3H2 	 6
arabic/1E_favorite query:تعلن وزارة الصحة العامة عن فتح باب التطوع لدعم جهود دولة قطر في إطار الإجراءات الوقائية والاحترازية للحد من انتشار #فيروس_كورونا (كوفيد-19)  #سلامتك_هي_سلامتي  https://t.co/xHfwZnImLb 	 708
arabic/1E_favorite query:قبل اللقاح المنتظر .. طفرة #كورونا الجديدة تثير الجدل حول العالم https://t.co/1S253AB8xk 	 28
arabic/1E_favorite query:بعد كسر حاجز 10000 أصابه نشطة في قطر ،،، وزارة التعليم تخرق القوانين الدوليه وقانون الحريات وقانون منظمة الصحه العالميه وتجبر موظفينها بطريقة ملتويه على أخذ لقاح #كوفيد_19 !!! أين أنتم ياقانونيين ؟! #كورونا 	 164
arabic/1E_favorite query:#عاجل #خادم_الحرمين_الشريفين يصدر أمره بمنع التجول للحد من انتشار #فيروس_كورونا الجديد ابتداءً من الساعة الـ 7 مساءً وحتى الساعة الـ 6 صباحًا لمدة ( 21 ) يومًا من مساء يوم الأثنين 28 رجب 1441هـ، الموافق 23 مارس 2020م. #واس https://t.co/DN0mvdbqsY 	 21793
arabic/1E_favorite query:أول لقاح لـ COVID-19 في العالم يسجل رسمياً باسم روسيا https://t.co/r7xwIJREe3 	 6
arabic/1E_favorite query:مثال عن من يتحدث بغير علم ويحلل بدون اختصاص ، ومعرفته عن الفايروس لا تتجاوز معرفته عن لون الملوخية ، الفايروس فيه شفرة وراثية هي التي تحدده وتعطيه الخصائص وهو نفس الفايروس في الصين ، لإن المختبرات الاوروبية أجرت مقارنات ومنها مختبرات CureVac التي تسعى لانتاج لقاح 👇 https://t.co/oPsD4v0wNA 	 12
arabic/1E_favorite query:#هام #بوتين: تسجيل أول لقاح ضد فيروس #كورونا في العالم #يونيوز. 	 6
arabic/1E_favorite query:الدول التي تعمل على تطوير اكبر عدد من لقاحات فيروس #كورونا الولايات المتحدة 55 لقاح الصين 15 لقاح كندا 9 لقاحات المملكة المتحدة 9 لقاحات https://t.co/UXhosJnezB 	 143
arabic/1E_favorite query:أين وصل السباق العالمي لإنتاج لقاح مضاد ل"كوفيد 19" #كورونا #كوفيد_19 #وزارة_الصحة https://t.co/8nuVKp1wAk 	 3
arabic/1E_favorite query:محافظ قنا: تطعيمات لقاح فيروس كورونا مستمرة لـ 7 أيام |صور https://t.co/0jpfB41fws 	 1
arabic/1E_favorite query:د.فريدة الحوسني ما مدة الحماية من لقاح كوفيد-19؟  #تغطية_خاصة #كورونا https://t.co/95OJFNSBPf 	 6
arabic/1E_favorite query:رئيس اللجنة العلمية لمكافحة كورونا بوزارة الصحة: بنهاية 2020 سيحصل المواطن العادي على لقاح فعال وآمن ضد فيروس كورونا #اليوم https://t.co/Np9f4dOv3B 	 22
arabic/1E_favorite query:رئيس الأكاديمية الطبية الدولية في موسكو أسعد مطر: روسيا لا تمانع في وصول لقاح #كورونا إلى كل دول العالم.. والإنتاج سيوزع في الداخل أولا #العربية https://t.co/3i5rxB37b7 	 22
arabic/1E_favorite query:#عاجل | منظمة الصحة العالمية: نعمل لضمان لقاح لـ #كورونا فعال بنسبة 50 في المئة على الأقل. #بوابة_الأخبار https://t.co/pA8CNUrNV9 	 3
arabic/1E_favorite query:إسرائيل والنمسا والدنمارك تؤسس تحالفاً لتطوير لقاحات «كورونا» https://t.co/vUbKjh6qM1 | #الإمارات_اليوم 	 5
arabic/1E_favorite query:@Ask_Bahrain لو قالت السعوديه من يرغب في السفر للبحرين من الغد عليه ان ياخذ لقاح كرونا ... لاختلف الوضع كثيرا !! 	 0
arabic/1E_favorite query:#روسيا تعلن تسجيل أول لقاح مضاد لفيروس #كورونا #الشرقية #الشرقية_نيوز https://t.co/z6GBFXKnPf 	 163
arabic/1E_favorite query:أستراليا ستكون من أوائلِ الدول في تطعيم كامل شعبها بالمجان بلقاح أوكسفورد: 📌 أبرمت أستراليا صفقة مع شركة الأدوية AstraZeneca لتوفير اللقاح المحتمل لـ #كوفيد_19 لجميع سكانها مجانًا، حسبما أعلنت الحكومة يوم الثلاثاء. https://t.co/H0nZA4dgoG 	 4
arabic/1E_favorite query:🔴 لقناة CNBC العربية :هل هذه فعلا ابنة بوتين ؟ حسب بحث سريع في محركات البحث تبين أن بنات بوتين هن ماريا بوتينا و ايكاترينا بوتينا و هذه صورهن و أعمارهن ٣٥ و ٣٣ سنة #لقاح_روسيا #لقاح #التطعيم #كوفيد١٩ #COVID19 https://t.co/tEqK4DqNiE https://t.co/c9dhQijPkY 	 12
arabic/1E_favorite query:#الصحة : أكثر من (1,000,000) جرعة من لقاح #كورونا (#كوفيد-19) أُعطيت حتى الآن من خلال (405) مواقع للتطعيم في مناطق #المملكة كافة الحمد لله وطننا يتوجه للتعافي من هذه الجائحه بفضل الله ثم بجهود حكومتنا الرشيدة التي جعلت سلامة #الإنسان_أولاً https://t.co/OSRTvBBy7Y 	 5
arabic/1E_favorite query:الصحة الامريكية #سيتاح لجميع دول العالم لقاح #كورونا #كوفيد١٩ بعد تلبية احتياجاتنا انطر يا ... https://t.co/XYtHIS3KCB 	 2
arabic/1E_favorite query:#عاجل| الجزيرة| #ترمب : هيئة الغذاء والدواء أجازت في حالات الطوارئ استخدام بلازما المتعافين لعلاج مرضى فيروس #كورونا - نعمل على إزالة كل ما قد يؤخر التوصل إلى لقاح لفيروس كورونا #جريدة_الراية | #سلامتك_هي_سلامتي | #امريكا https://t.co/5otNeM7nFf 	 0
arabic/1E_favorite query:ترامب: "الدولة العميقة" تعرقل تجارب لقاحات "#كورونا" للتفاصيل: https://t.co/UHVEPw2Y8d #نتصدر_المشهد #COVID19 https://t.co/Fe2cMpPFSV 	 4
arabic/1E_favorite query:#ترامب يتهم "الدولة العميقة" في إدارة "الغذاء والدواء" بإبطاء تجارب لقاحات #كورونا #الولايات_المتحدة #لقاح_كورونا #بوابة_الأخبار https://t.co/zNY1508uKi 	 3
arabic/1E_favorite query:هانت إن شاء الله #خلك_في_البيت ⚠ أخبار سارة ستبدأ #UK تجربة لقاح #COVID19 على المرضى منذ يوم الخميس https://t.co/28XwWgenHL 	 0
arabic/1E_favorite query:بيل قيتس يقول نأت بأعضاء معدلة وراثيا و نحقنها في عروق الأطفال مباشرة..هذا الذي إستثمر ملايين في لقاح كورونا. يذكر أن فيروس كورونا لن يزول أبدا حتى نلقح أكثر أهل الأرض.. النظام العالمي الجديد برؤيته 20/30 سيخلصون من ستة مليار نسمه قبل نهاية عام 30..اللقاح و ال 5G ستحقق لهم الهدف. https://t.co/u8Xa4ojd4i 	 99
arabic/1E_favorite query:تدشين مركز لقاحات كورونا في محافظة رفحاء. https://t.co/crS9RNVnxT #واس_عام https://t.co/OKC1Ze1LOZ 	 61
arabic/1E_favorite query:أكّد الرئيس الأميركي #جو_بايدن، الثلاثاء، أنّ الولايات المتّحدة ستكون لديها "بحلول نهاية مايو" جرعات من اللّقاحات، المضادّة لوباء كوفيد-19 الناجم عن فيروس #كورونا، كافية لتطعيم جميع البالغين الأميركيين. https://t.co/93UnfKKoZK #العربية 	 26
arabic/1E_favorite query:الدول التي توصف بأنها متقدمة..هذا ما فعلته شعوبها بأزمة #كورونا ..بريطانيا مثال: https://t.co/jKlzDdJRTd 	 1015
arabic/1E_favorite query:السيدة هالة #كورونا مصر ستحصل على لقاح كورونا مع 6 جهات دولية ايوه احترموا أنفسكم اخركم جهاز كفته وعربية خضار https://t.co/1IxdYzfHK0 	 17
arabic/1E_favorite query:أظهرت النتائج الأولية أن جرعتين من لقاح فيروس كورونا موديرنا أنتجتا إستجابة مناعية قوية لدى المشاركين المسنين https://t.co/gHDGcQVp8r 	 2
arabic/1E_favorite query:وكيل الفنية د.عبدالرحمن المطيري : الصحة ستتبع الموجه الثانية من #كورونا محليا وعالميا ..ونأمل وجود لقاح ليجنبنا تلك الموجة.. كما أن إلتزام المواطنين والمقيمين بـ “الكمام” سيجنيها ايضا الموجه الثانية https://t.co/eA2EB8aomM 	 4
arabic/1E_favorite query:🇷🇺🇲🇦| جريدة بناصا المغربية .. المغرب طلب الملايين من جرعة لقاح سبوتنيك Sputnik الروسي . https://t.co/UOqfmF9Maw 	 65
arabic/1E_favorite query:س. هل تحمي اللقاحات المضادة للالتهاب الرئوي من #فيروس_كورونا المستجد؟ ج. لا. لقاحات الالتهاب الرئوي لا تحمي من فيروس كورونا المستجد. هذا الفيروس جديد ومختلف ويحتاج لقاحاً خاصاً به. الباحثون يعملون على تطوير لقاح مضاد لهذا الفيروس. #coronavirus #outbreak #WHO https://t.co/eiG7PHOJDA 	 57
arabic/1E_favorite query:«#الصحة» تعلق على ما يتردد عن عدم ملائمة لقاح #كورونا الروسي للبالغين https://t.co/5nNcu5Me5U 	 9
arabic/1E_favorite query:لقاح #كورونا #الصيني سيكون متاحا للجميع وستُمنح كل دولة قرضا بمليار دولار إن هي بادرت بشرائه من #الصين وفق وزير خارجيتها.. من يشتري ؟! 	 465
arabic/1E_favorite query:تبريراتهم قبل الكارثة والحصول على حصانه من عدم المطالبات أو الشكوى على الشركات المنتجة في حال حدوث أية آثار جانبية .. لأول مره في تاريخ البشرية يتم إطلاق لقاح بدون اي تجربة وبدون معرفة مكونات وبدون دراسة لڤايروس نسبة الأصحاء منه 99% وأكثر .. https://t.co/rTokoVyHy6 	 46
arabic/1E_favorite query:آخر إحصاءات #كورونا في العالم : المصابون : 400 ألف الوفيات : 17261 وفاة المتعافون : 104 آلاف الدول الخمس الأكثر إصابة : #الصين #إيطاليا #أميركا #اسبانيا #المانيا أعداد المصابين والوفيات تتصاعد في كل لحظة .. ولا لقاح للمرض حتى اللحظة .. https://t.co/lRbb6Owa4x 	 70
arabic/1E_favorite query:ترامب يتوقّع توافر لقاح مضاد لـ #كورونا قبل موعد الانتخابات الرئاسية في نوفمبر المقبل. https://t.co/clQ8SEsExX https://t.co/pLckSX5EPI 	 34
arabic/1E_favorite query:مسؤولة ملف الصحة بجريدة "الوطن" تكشف الأعراض الجانبية للقاح كورونا 👇🎥 "وتعلق💬 "كأي أعراض لأي لقاح جديد #صباح_الورد #TeNTV https://t.co/KocHUKTJR4 	 4
arabic/1E_favorite query:الصين || شركة سينوفاك بيوتك تعلن نجاح لقاح أنتجته لكوفيد-19 https://t.co/nWYMBRGl0t 	 12
arabic/1E_favorite query:#بوتين #يعلن تسجيل أول #لقاح مضاد لفيروس #كورونا في العالم .. والصحه العالميه خرجت بتصريح وقضت على امال بوتين وقالت : لا يمكن إنتاج أي لقاح لكورونا قبل اكتمال مرحلتي الاختبار الثانية والثالثة الصحه العالميه حجر عثر امام اي لقاح جديد حتى لو كان مُنزل من السماء لا تعترف به 	 121
arabic/1E_favorite query:#الصحة: •ننصح الجميع بالحصول على اللقاحات المضادة لـ #كورونا بأسرع وقت ممكن •أكثر من مليون جرعة لقاح معطاة في #المملكة •اللقاحات المعتمدة في المملكة مجازة من هيئة الغذاء والدواء •اللقاحات تجمع بين الفعالية والمأمونية ولم نسجل أي أعراض جانبية 	 210
arabic/1E_favorite query:متحدث وزارة الصحة: من لديه أمراض حساسية بسيطة أو بالصدر يمكنه أخذ لقاح فيروس كورونا ، ومن لديه حساسية مفرطة وشديدة جداً فهؤلاء لا يأخذون لقاح كورونا. 	 743
arabic/1E_favorite query:#الصحة_العالمية تعلق بحذر على إعلان #روسيا إنتاج لقاح لـ #كورونا https://t.co/4E98Ov7siC 	 7
arabic/1E_favorite query:وزير الخارجية البريطاني يتهم #روسيا بمحاولة قرصنة أبحاث لقاح #كورونا #جريدة_الوطن_القطرية #لندن #موسكو #سلامتك_هي_سلامتي #خليك_في_البيت #COVID19 https://t.co/ib9xgIzMGz 	 1
arabic/1E_favorite query:فيديو : لإعلان الرئيس الروسي بوتين عن اكتشاف لقاح ضد فيروس كورونا 👏🏻 وابنته اول من تلقت اللقاح .. وانباء عن بداية الانتاج للقاح سيكون في شهر سبتمبر القادم👏🏻 #الاخبار_الحلوه #السناب #وزير_التعليم https://t.co/KbgCd3wnCQ 	 10
arabic/1E_favorite query:#وزارة_الصحة : تلزم المشاركين من منسوبيها في حج 1442 باخذ لقاح كوفيد-19. https://t.co/6MEMHFMQj2 	 5
arabic/1E_favorite query:@FreedomHumanit2 أي حد يتكلم علي لقاح لوهم كورونا القاتل المسرطن لا تثق فيه لانه يعمل مع جافي و بيل جيتس أردوغان في ختام ملاحظاتي ، أود أن أؤكد على استعداد تركيا للعمل بالتعاون مع التحالف العالمي للقاحات جافي وأصحاب المصلحة الآخرين للجهود المبذولة في فترة ما بعد الجائحة.👇 https://t.co/E47BxgBESa https://t.co/BDBwcCuAJE 	 13
arabic/1E_favorite query:#عاجل ماكرون: هناك "احتمالات معقولة" بالتوصل إلى لقاح لكورونا "في الأشهر القادمة"  #ايمانويل_ماكرون #انغيلا_ميركل #فيروس_كورونا #الشرق_الاوسط #روسيا https://t.co/bGOx5zuJYi 	 9
arabic/1E_favorite query:#الصحة الروسية تكشف عن مدة المناعة الممكنة باستخدام #اللقاح المكتشف ضد #كورونا #روسيا #فيروس_كورونا_المستجدّ #اللقاح_الروسي #لقاح_كورونا #لقاح_روسيا #بوابة_الأخبار https://t.co/aDkHK0NR6p 	 1
arabic/1E_favorite query:شركة الصين الوطنية الدوائية تصرح بأن لقاح #كورونا سيكون متوفر تجاريا نهاية العام المصدر #الحدث #الكويت #السعودية #لبنان #بداخلي_هالكلام 	 4
arabic/1E_favorite query:الإنتاج السنوي لهذا اللقاح المضاد لفيروس #كورونا الجديد يصل إلى 300 مليون قطعة! https://t.co/ZKD1WmtOIX 	 82
arabic/1E_favorite query:🟠 أعلن الرئيس الأرجنتيني ألبرتو فرنانديز أن الأرجنتين والمكسيك ستتوليان إنتاج اللقاح ضدّ فيروس كورونا الذي يُطوّره مختبر أسترازينيكا البريطاني- السويدي مع جامعة أكسفورد، مشيرا إلى أنّ البلدين سيعملان أيضا على توزيعه في دول أمريكا اللاتينيّة باستثناء البرازيل. (العُمانية) https://t.co/tmci3gbcfX 	 75
arabic/1E_favorite query:#ترامب يتعهد بتوفير لقاح لفيروس #كورونا قبل نهاية العام الحالي 2020. https://t.co/1vdYKliH3o 	 25
arabic/1E_favorite query:روسيا تطلق اسم "سبوتنيك" على اللقاح ضد #كورونا 	 196
arabic/1E_favorite query:🇺🇸 ترامب يخوض انتخابات قاسية، وخارج لقاح #كورونا يبدو بعيد المنال، يستميت لإنجاز تفاهم بشروطه مع ايران يضرب فيه تفاهم اوباما-بايدن السابق، ويرى في #العراق و #لبنان وسيلة ضغط ناجعة لتحقيق ذلك وإنجاز ترسيم حدودي مع اسرائيل يضمن فيه المزيد من تأييد اللوبي اليهودي 	 7
arabic/1E_favorite query:أتابع عن كثب و علي مدار الساعة إجراءات الدولة الإحترازية لمواجهة إنتشار فيروس كورونا ... وكما وعدتكم بالأمس نحن مستمرون في إجراءاتنا بكل دقة في مكافحة هذا الوباء حفاظاً علي صحة و حياة كل مواطن مصري.١/٢ 	 45838
arabic/1E_favorite query:#الشروق | مسئول روسي: المرحلة الثالثة لاختبار لقاح كورونا تبدأ غدًا https://t.co/4frsa0Qucp #كورونا #فيروس_كورونا #COVID19 https://t.co/iZn4AatQwl 	 5
arabic/1E_favorite query:هكذا تكتسبُ اللقاحات الثقة : لقاح أًكسفود.. أعطت شركة الأدوية البريطانية Astrazeneca إشعارًا للبيت الأبيض بأنها لن تتخذ طرقًا مختصرة في تجارب السلامة للقاح #كوفيد_19 الذي طورته جامعة أكسفورد لتعزيز فرص الرئيس ترامب في إعادة انتخابه. https://t.co/eXxF1FzkP5 	 4
arabic/1E_favorite query:عراب الانقلاب والغدر والعقوق في قطر  بدء التغريدات ب #كورونا  ثم اقحم 11 سبتمبر ، ثم حول على الدول العربية ، ثم على دول الخليج ثم اختتم بان قطر دولة الصمود وان استمرت المقاطعة 3 سنوات ثم اختتم التغريدة بالتوسل لانهاء المقاطعة ..توظيف رخيص وغبي  الاسم: بن جاسم  الوظيفة: جمال ريان 	 1350
arabic/1E_favorite query:تطعيم ابنة #بوتين بـ #اللقاح_الروسي الجديد لفيروس #كورونا https://t.co/QNKxjmKo79 	 22
arabic/1E_favorite query:#الخرطوم | تسلم السودان الدفعة الأولى من لقاحات "كوفيد-19" والتي تحتوي على 820،000 جُرعة. يعتبر #السودان أول دولة في منطقة شرق المتوسط تحصل على اللقاحات عبر آلية كوفاكس، وستكون الأولوية للكوادر الطبية الموجودة في الصفوف الأمامية لمجابهة فايروس #كورونا. #برق_السودان https://t.co/lMJBv38Fi5 	 8
arabic/1E_favorite query:#مصر توقع اتفاق تعاون مع #الصين لتصنيع لقاح ضد #كورونا . #بوابة_الأخبار https://t.co/x0rAKSKR5T 	 4
arabic/1E_favorite query:مطار الخرطوم إستقبل اليوم أول دفعة من لقاحات كورونا، والبالغة 820 ألف جرعة من لقاح "أسترازينيكا" البريطاني. وبهذا يصبح السودان من بين أول 3 دول إفريقية تتلقى اللقاح عبر برنامج كوفاكس. الشكر للدول التي أسهمت في ذلك، ولوزارة الصحة على المتابعة، وكل الوزراء الذين تعاقبوا، والعاملين. 	 238
arabic/1E_favorite query:مصيرنا واحد أمس واليوم وغدًا والطريقة المثلى لمواجهة كورونا الذي ليس له علاج حتى الآن هي التباعد الإجتماعي والحمدلله أن لنا قادة تصرفوا بحكمة وأعلوا من قيمة الإنسان لديهم في هذه الأزمة بشكل فاق بشدة حتى الدول المتقدمة.. ولكن الله يحفظك ما بقى إلا تقولين علقّنا العمرة قبلكم!.. 	 9764
arabic/1E_favorite query:صحة الجوف تطلق مبادرة #تعال_نسجلك، قام من خلالها فريق #التطوع_الصحي بجولات ميدانية بالأسواق، لحث المجتمع ومساعدتهم على التسجيل لأخذ #لقاح_كورونا عبر تطبيق صحتي، وذلك ضمن حملة #الثانية_نوقفها . https://t.co/ulqXt20hgp 	 12
arabic/1E_favorite query:حملة #ترامب تعلن عن أجندة الولاية الثانية قبل مؤتمر الحزب الجمهوري في حالة إعادة انتخابه، يتعهد ترامب بتوفير 10 ملايين وظيفة جديدة في غضون 10 أشهر، وتطوير لقاح ضد فيروس كورونا الجديد بحلول نهاية هذا العام، وإنشاء وجود دائم مأهول على سطح القمر، وإرسال أول بعثة بشرية إلى المريخ... https://t.co/5xR479TKAr 	 27
arabic/1E_favorite query:#مع_الحكيم روسيا تُسجل أول لقاح في العالم مضاد لفيروس #كورونا https://t.co/cZsQUs7dX6 	 2
arabic/1E_favorite query:في بريطانيا.. بعد تطعيم ما يقارب ١٨٪ من الشعب.. مع الاجراءات اللي اتخذتها الحكومة.. . الحكومة البريطانية ما اغلقت وقعدت الناس في بيوتهم تنطر زوال الجائحة.. عطلت الاعمال الحكومية والمدارس واشتغلت على حملات التطعيم.. وكانت هذه النتيجة.. https://t.co/8o32eej827 	 3
arabic/1E_favorite query:بدأت #الصين الاستخدام الطارئ لـ #لقاح #كورونا يوم 22 يوليو. والهدف من ذلك هو إقامة حاجز للتحصين في فئات خاصة مثل عاملي الطب والوقاية من الأوبئة، ومفتشي الحدود، والمسؤولين والعاملين في الخدمات العامة الأساسية. 	 178
arabic/1E_favorite query:#عاجل الرئيس الامريكي ترامب: لقاح فيروس كورونا سيتوفر في وقت أقرب من نهاية العام، يمكن ان يكون اقرب بكثير. https://t.co/lT7d3FyulS 	 201
arabic/1E_favorite query:مراكز لقاحات #كورونا في #حائل علما بأنه تم تشغيل 12 مركزًا جديدًا في المنطقة مركز صحي صلاح الدين ، مركز صحي الوسيطاء ، مركز صحي البادية مركز صحي قفار وفي المستشفيات الطرفية #الشملي ؛ #الحائط ؛ #بقعاء ؛ #الشنان ؛ #موقق ؛ #الغزالة ؛ #السليمي ؛ #سميراء https://t.co/bIY0tThsG4 	 3
arabic/1E_favorite query:روسيا تعلن انها طوّرت اول لقاح ضدد كورونا والرئيس بوتين يلقّح ابنته.. #Covid_19 قولوا الله.. 🙌 	 13
arabic/1E_favorite query:تدشين مركز لقاحات كورونا في المستشفى الجامعي بمدينة السيح . 	 264
arabic/1E_favorite query:لجنة الصحة النيابية: خلال 30 يوماً ستصل العراق 8 إلى 10 ملايين جرعة من لقاحات فيروس كورونا .. #لقاح_كورونا https://t.co/Y94Ee2cR2u 	 23
arabic/1E_favorite query:ألمانيا تسجل أعلى حصيلة إصابات بفيروس كورونا المستجد منذ أبريل https://t.co/849jnVzmoa #المانيا #فيروس #كورونا #اخبار #اوروبا #لقاح https://t.co/Xzxq1pHjm2 	 14
arabic/1E_favorite query:صحيفة «الرؤية» تستطلع رأي الشارع الإماراتي 🇦🇪 | هل أنت متفائل بوجود لقاح لـ #كورونا قبل نهاية 2020؟ 🦠😷 وكانت هذه إجاباتهم 👇 #كوفيد_19 #الرؤية_بلا_حدود https://t.co/UKdjP9Rdl4 	 33
arabic/1E_favorite query:277 حالة إصابة جديدة بـ #كورونا في #تركيا.  نتمنّى من وزارة الصحة التركية الإستفادة من التدابير والاحترازات الي تتخذها وزارة الصحة السعودية @SaudiMOH، لتجنّب مزيد من الإصابات والتي وصلت عندكم الى 947 اصابة. 	 456
arabic/1E_favorite query:*الرئيس الروسي يعلن عن تسجيل أول لقاح ضد فيروس كورونا في العالم* #بوتن #روسيا #كورونا https://t.co/6MOPKvdZXe 	 13
arabic/1E_favorite query:🛑 رسميا،، #السعودية تعلن تجربة لقاح ضد #فيروس_كورونا 💡اللقاح تعاون بين #السعودية و #الصين وتخطى المرحلة الأولى والثانية وأظهرت فاعلية عالية مع ظهور أجسام مضادة للفيروس 🗓 قريبا إطلاق المرحلة الثالثة في السعودية 🏛 تشمل 5000 متطوع في الدمام - الرياض - مكة https://t.co/KdXbjJW8ZO 	 28
arabic/1E_favorite query:مركز الملك عبدالله العالمي للأبحاث الطبية يوفر المركز البنية التحتية لدعم الأبحاث الطبية والدعم للباحثين في المجال الطبي هو في طور تجارب لقاح جديد ضد #كورونا والذي ثبت نجاحة في التجارب الأولية وجاري استكمال تجربتة السريرية على متطوعين وبدون ضجة إعلامية 🇸🇦🇸🇦 https://t.co/wEZX78OMJK 	 148
arabic/1E_favorite query:#بوتين يعلن تسجيل أول لقاح مضاد لفيروس #كورونا https://t.co/dPMSMBFvEx #روسيا #فيروس_كورونا #كوفيد_19 #Corona #COVID19 #البيان_القارئ_دائما https://t.co/nhkRi3uRJu 	 13
arabic/1E_favorite query:#كورونا #بريطانيا البروفسورة سارة غيلبرت، الأستاذة في دائرة نفيلد الطبية بجامعة #أوكسفورد، أعربت لصحيفة #التايمز عن ثقتها بأن فريقها البحثي سيتمكن من إنجاز لقاح ضد #كوفيد١٩ ووضعه في متناول العموم بحلول أيلول (سبتمبر) المقبل. أعتقد أن هذا أهم خبر يتعلق بالوباء حتى الآن. https://t.co/SKJmEL8aBJ 	 515
arabic/1E_favorite query:رصدت لكم خدمة أخذ لقاح #كورونا عن طريق السيارة . #الإخبارية https://t.co/kqQWcq3y4J 	 5
arabic/1E_favorite query:@Qatar_Edu للأسف هذه الإجراءات لا تحمي حتى قطط الشارع من الإصابة،، لكن هذا ديدنكم لم يشأ الله لكم إلا التخبط وستمكثون فيه طويلا إلا أن يشاء سبحانه فيأتي بمن هم أهل للمكان.. كفاءة وقيادة.. يحترمون الإنسان.. للأسف فأنتم ابتلاء لعل الله يكفر به ذنوبنا جراء ما صبرنا.. #أنا_أرفض_لقاح_كورونا 	 11
arabic/1E_favorite query:العبدالعالي: نرصد انخفاضاً كبيراً في الحالات الحرجة.. وانطلاق اختبارات لقاح #كورونا قريباً. https://t.co/WLVAmBZnpJ https://t.co/tBOhOgj4Pz 	 32
arabic/1E_favorite query:#اضواء_الوطن | #روسيا: 20 دولة تقدمت بطلب شراء مليار جرعة من لقاح #كورونا 	 2
arabic/1E_favorite query:#كورونا l "الصحة العالمية": ستة لقاحات لفيروس كورونا في مرحلة جيدة من التجارب السريرية https://t.co/bNZz3wUA7W https://t.co/CHGWNkZIPg 	 0
arabic/1E_favorite query:#ترمب يقبل ترشيح الجمهوريين لسباق الرئاسة ويشن هجوما كاسحا على بايدن ويتعهد يتوفير لقاح لـ #كورونا قبل نهاية العام https://t.co/Jtalirr1UD 	 42
arabic/1E_favorite query:الرئيس الروسي فلادمير #بوتين يُعلن عن أول لقاح لـ فيروس #كورونا في العالم.. وابنته من أول المتطوعين لتجربته | #أوّل https://t.co/xqMNkX94Ig 	 13
arabic/1E_favorite query:مجلة علمية: لقاح صيني جديد ينجح في حماية القرود من عدوى #كورونا تخطي الحجب: https://t.co/j1sgEw3cKn للمزيد: https://t.co/7NDnNwn2Sk #مباشر 	 0
arabic/1E_favorite query:#عاجل | شركة موديرنا الأمريكية تعلن نجاح التجارب السريرية الأولى التي تجريها على لقاح مضاد لفيروس #كورونا #جريدة_الراية | #لأجل_قطر_كلنا_في_البيت https://t.co/DHsVCApFuE 	 6
arabic/1E_favorite query:روسيا تتوسع في تجارب لقاح ضد #كورونا قد يبدأ إنتاجه قريباً للتفاصيل: https://t.co/nKBbrCjsRF #نتصدر_المشهد #COVID19 https://t.co/zCte6DayOq 	 6
arabic/1E_favorite query:متطوعون وأطباء يتحدثون عن تجارب اللقاح غير النشط لفيروس #كورونا في #أبوظبي التي تعكس التضامن المجتمعي #لأجل_الإنسانية، ويعبرون عن فخرهم كونهم جزءاً من هذه التجارب، التي يتم إجراؤها وفق أفضل المعايير بكل سهولة ويسر https://t.co/XwYzfjMOe9 	 13
arabic/1E_favorite query:اثبتت اختبارات اجريت على لقاح ضد فيروس كورونا في جامعة كوينزلاند الاسترالية فعاليته في التجارب ما قبل السريرية حيث قدم اللقاح مستويات مناعة افضل من تلك التي اكتسبها المصابون بالفيروس بعد تعافيهم. https://t.co/WWjtTtXtrS 	 5
arabic/1E_favorite query:الرئيس الروسي بوتين يعلن رسمياً عن تسجيل أول لقاح ضد فيروس كورونا في العالم ومنظمة الصحة العالمية تصرح لم نتلق المعلومات الكاملة بشأن اللقاح الروسي لفيروس #كورونا لذا لا يمكننا تقييمه حالياً 	 12
arabic/1E_favorite query:تقول موديرنا إن لقاح الفيروس التاجي الخاص بها يظهر نتائج واعدة في تجارب صغيرة للمرضى المسنين. #أنس_الصالح https://t.co/apEnBevvFz 	 0
arabic/1E_favorite query:بدء تجريب لقاح محتمل لـ #فيروس_كورونا على متطوعين في المملكة المتحدة وسيحصل على اللقاح حوالي 300 شخص كجزء من تجربة يقودها البروفسور روبين شاتوك وزملاؤه في إمبريال كوليدج #لندن. تشير الاختبارات التي أجريت على الحيوانات إلى أن اللقاح آمن ويؤدي إلى استجابة مناعية فعالة https://t.co/lwf4oKCpm4 	 1
arabic/1E_favorite query:من الأخبار الجميلة هذا الصباح: البدء قريباً بدخول أحد اللقاحات ضد فيروس كورونا (كوفيد١٩) مرحلة التجارب السريرية الثالثة في السعودية. حيث سيتم تطعيم ٥٠٠٠ متطوع ومتطوعة في ثلاث مناطق. اللقاح هو لقاح شركة كانسينو الصينية الذي اظهر نتائج جيدة في المرحلة ١ و٢ على البشر في الصين. https://t.co/ZNxiawlTJm 	 70
arabic/1E_favorite query:إعطاء 21.6 مليون جرعة لقاح ضد #كورونا في #بريطانيا حتى الآن https://t.co/DixbbvhF9T https://t.co/ZMQqRWtA7A 	 3
arabic/1E_favorite query:لقاح اكسفورد يتسخدم تقنية اسمها ال vector vaccine، او اللقاح الناقل.. وبهذي التقنية نجيب ڤايروس يسبب زكام بسيط الي يجينا كل فترة، ونحط داخله ال mRNA الخاص بصناعة الاشواك الخارجية تبعت كورونا ڤايروس . 	 7
arabic/1E_favorite query:#المكسيك: لقاح #كورونا سيكلف 4 دولارات فقط https://t.co/nsE6Jc43ko #البيان_القارئ_دائما 	 3
arabic/1E_favorite query:قالوا #قطر أعلى نسبة #كورونا !! فقلنا لابد أن نتصفّح الماضي القريب !! سنجد أول لقاح قدمه #الشيخ_تميم_حمد_آل_ثاني لشعبه قبل فترة شاهد الفيديو https://t.co/tXKD6s5Ssk 	 72
arabic/1E_favorite query:#عاجل 🇲🇦🔴🇷🇺 المملكة المغربية تطلب شراء مليون لقاح من نوع "سبوتنيك٥" لمكافحة فيروس كوفيد١٩. مزيد من المعلومات في المستقبل... (Banassa) #Morocco #Maroc #Covid19 #Africa #المغرب #كوفيد١٩ https://t.co/WcM1WoJeGW 	 14
arabic/1E_favorite query:منظمة الصحة العالمية : بدء أول تجربة لقاح لمكافحة فيروس كورونا . 	 94
arabic/1E_favorite query:الاتحاد الأوروبي يوافق على شراء 300 مليون جرعة من لقاح #كورونا https://t.co/XuLTrNxw1v https://t.co/aLHBcYaNDm 	 5
arabic/1E_favorite query:ملياردير يقود مبادرة لإنشاء مصنع لإنتاج لقاح لفيروس #كورونا للتفاصيل: https://t.co/e5oeyZfXno #نتصدر_المشهد #COVID19 https://t.co/ysxm1gNftX 	 7
arabic/1E_favorite query:الصحة تعتمد أول مستشفى متخصص في توفير تطعيم كورونا بالمملكة https://t.co/AqeAMqJbjz #رسالة_الدوادمي #الدوادمي 	 0
arabic/1E_favorite query:#بوابة_الوفد| عــاجل.. #ترامب: وباء #كورونا سيمر دون لقاح https://t.co/9eSsgFaEUS https://t.co/lWMNLHKoxI 	 2
arabic/1E_favorite query:منظمة الصحة العالمية: بخصوص لقاحات فيروس #كورونا المستجد هناك : - 29 لقاحًا في مرحلة التجارب السريرية.. - 138 لقاحًا في مرحلة التقييم قبل السريرية.. - 9 لقاحات مرشحة أظهرت نتائج واعدة وتمر بالفعل بتجارب المرحلة الثانية أو الثالثة”.. 	 4
arabic/1E_favorite query:#مع_الحكيم حالة طفلة أمريكية تثير الجدل بعد استمرار فقدانها حاسة التذوق بعد التعافي من #كورونا بدء التجارب السريرية على لقاح أوكسفورد في جنوب #أفريقيا مع د. محمد البيجيرمي - استشاري الأنف والأذن والحنجرة من الدوحة في #قطر https://t.co/MCSbWvc9hh 	 26
arabic/1E_favorite query:🔴 لتتبصر متابعي الكريم ماذا يقول بيل جيتس حيث يهدد العالم بالوباء القادم و اللذي سيحصد الكثير من الأرواح و يجعلكم تترحمون على أيام فيروس كورونا .. وربعنا الدكاترة يبحثون عن لقاح لكورونا .. Bill Gates Threatens the World with "Pandemic 2" - YouTube https://t.co/C7hjhr7z4P 	 44
arabic/1E_favorite query:التداعيات الخطيره اللقاح الجديد شاهد الفيديو يجب ايقاظ العالم #كورونا https://t.co/7G4VFLyscc 	 4
arabic/1E_favorite query:أثناء تلقي ابنة الرئيس الروسي اللقاح الذي أعلن عنه والدها، كأول لقاح لفيروس كورونا في العالم #روسيا #كورونا #خبرني https://t.co/8zaMgUteLK 	 27
arabic/1E_favorite query:#الهند تستعد لإنتاج 3 لقاحات ضد فيروس #كورونا بكميات ضخمة https://t.co/US5eCxodZz 	 12
arabic/1E_favorite query:مصنوع من جزيئات غير حية من #الفيروس.. تفاصيل لقاح #كورونا الروسى https://t.co/squ5iYiXAC 	 29
arabic/1E_favorite query:مسؤول روسي: نتعاون مع شركاء بالشرق الأوسط وسيزور فريق سعودي معهد "جماليا" الذي طور لقاح #كورونا https://t.co/kYTLCbhLK7 #السعودية #روسيا https://t.co/vhwiYazj67 	 11
arabic/1E_favorite query:قال الرئيس الصيني شي جين بينغ اليوم الإثنين إنه بما أن كوفيد -19 لا يزال وباء وأن اللقاحات تلعب دورا رئيسيا في انتصار البشرية عليه فإن الصين على استعداد لتعزيز التعاون مع المغرب في تطوير لقاح COVID-19 وإنتاجه. أدلى شي بهذه التصريحات في محادثة هاتفية مع الملك محمد السادس https://t.co/IjVPCo7crJ 	 5
arabic/1E_favorite query:وزير الصحة #عمان: الحصولَ على لقاحات فيروس كورونا "كوفيد 19" يتوقف على ما بعد الاعتمادات الدولية لها، والتأكد من كفاءتها ومدى مأمونيتها وجاهزيتها للاستخدام و السلطنة على تنسيق متواصل ومستمر مع الشركات الكبرى المعنية التي تتَّجه لإنتاج هذه اللقاحات للحصول عليها https://t.co/wHnBYjbQVC 	 37
arabic/1E_favorite query:لقاح محتمل لفيروس #كورونا من أوراق التبغ ! https://t.co/X3Y3JqXkip 	 73
arabic/1E_favorite query:“فيسبوك” يحذف منشورات المستخدمين عن اللقاح الروسي https://t.co/41qoeZCFHQ #كورونا 	 2
arabic/1E_favorite query:ترامب : قريبا سنعلن عن لقاح ضد #كورونا https://t.co/sI1ymVsvo5 	 62
arabic/1E_favorite query:الخبير الأميركي المرموق أنطوني #فاوتشي : مزاعم #روسيا بشأن توصلها إلى لقاح آمن وفعال ضد #كورونا زائفة https://t.co/oYpQEkL52r #العربية 	 20
arabic/1E_favorite query:عندما كانا بالبيت الأبيض.. ترمب وزوجته تلقيا لقاح كورونا https://t.co/NbCswLdY0N 	 0
arabic/1E_favorite query:خدعة القناع وخدعة انه وباء مميت خدعة القفازات وسجن الغرف والجدران لقد اوهمونا ان العالم الفسيح يمكن ان يكون زنزانه !!ابشركم وجدو #لقاح ل #كذبة_كورونا #COVID19،،، سيخدمه #تجار_كورونا وسماسرة الادوية ،،، والحقن اجباري في اجساد الشعوب!! 	 16
arabic/1E_favorite query:#الصين مستعدة للتعاون مع #المغرب لتطوير و صناعة اللقاح ضد فيروس #كورونا #كوفيد_19 https://t.co/7l5RNwxD3K 	 19
arabic/1E_favorite query:ابنت بوتين احد المتطوعين بتجربة لقاح #COVID19 الروسي .... #ثقة 	 34
arabic/1E_favorite query:الرئيس الروسي فلاديمير بوتين كشف أن اللقاح الروسي المعلن عنه رسميا كأول لقاح ضد فيروس كورونا يعمل بشكل دقيق وأن ابنته شاركت في تجربة اللقاح... والآن رئيس الفلبين يبدي استعداده لتجربة اللقاح الروسي بنفسه... 	 117
arabic/1E_favorite query:بوتين يعلن تطوير أول لقاح ضد فيروس كورونا وخبراء متخوفون https://t.co/cxIaoSD7Ec https://t.co/2ZVEmjgSX4 	 6
arabic/1E_favorite query:استخدام مبدأ المسار السريع او ال Fast Track والذي يعجل بتطوير اللقاح والادوية ل #كورونا_الجديد بتجاوز بعض البروتوكلات مع ضمان سلامة المنتج على البشر هو المسار المتبع حاليا وسيسهم ان شاء الله بتطويره في مدة زمنية اقل بإذن الله لتجاوز تلك الجائحة 	 14
arabic/1E_favorite query:رئيس #المكسيك: لقاح #كورونا سيكون جاهزا أوائل #العام المقبل https://t.co/9DQmDdM8ty https://t.co/YrTQqyim9o 	 2
arabic/1E_favorite query:إذا كان سؤالكم عن سبب الارتفاع فهو بسبب وجود أكثر من ٧٠ مصاب حاملين للجنسية التركية وهم الأن تحت رعاية وزارة الصحة يعاملون معاملة أبناء الوطن التركيز على #السعودية يعكس مدى الخبث والحقد الذي بداخلكم الذي يظهر جلياً بهذه التغريدة التى تمثل حالتكم التي لا علاج لها 	 2614
arabic/1E_favorite query:الرئيس الروسي "بوتين" يعلن عن إقرار استخدام أول لقاح في العالم للوقاية من مرض كوفيد-19 وذلك بعض مضي شهرين من اختباره على البشر. وقال أن اللقاح قد اجتاز كافة الاختبارات المطلوبة، مضيفًا أن ابنته قد أخذت اللقاح بالفعل.. #روسيا #كوفيد19 #Covid19 https://t.co/WZL3Ts1yiN 	 138
arabic/1E_favorite query:#روسيا تسجل "أول" لقاح لـ #كورونا صور أول مصل في العالم لمكافحة #فيروس_كورونا الذي طوره معهد "جماليا" في #موسكو، حسبما أعلن الرئيس الروسي، وذلك بعد أقل من شهرين من اختباره على البشر #هنا_المملكة https://t.co/f6WenbIh10 	 52
arabic/1E_favorite query:#عاجل  متحدث الصحة : 51 حالة جديدة مصابة بفيروس كورونا . #واس_عام 	 1216
arabic/1E_favorite query:https://t.co/bjdlrOGCs1 آخر تحديث لقاح فيروس كورونا 	 2
arabic/1E_favorite query:هل أثار جانبية للقاح؟ تابعنا على الانستقرام لتعرف المزيد... https://t.co/D6oJShtpzj #كورونا #لقاح_كورونا https://t.co/1KBV7PYLfL 	 6
arabic/1E_favorite query:لقاح أكسفورد ل #كوفيد١٩-من ضمن اقوى ٣ لقاحات مرشحة-يدخل المرحلة٣ من التجارب الاكلينيكية. النتائج الأولية تكون متاحة بحلول نوفمبر الجاري، واذا ثبت فاعليته يتم الاعتماد النهائي بحلول نهاية العام الحالي. #كورونا #عمان_تواجه_كورونا https://t.co/56cRPpXe3B 	 2
arabic/1E_favorite query:د.فريدة الحوسني ما مدة الحماية من لقاح كوفيد-19؟  #تغطية_خاصة #كورونا https://t.co/95OJFNSBPf 	 6
arabic/1E_favorite query:#مع_الحكيم علماء: #لقاح متوفر قد يقلص المخاطر الالتهابية التي يسببها #كورونا .. فما هو هذا اللقاح ؟ #كوفيد19 #covid19 #corona #كورونا_المستجد https://t.co/AJ5qqzT4kF 	 6
arabic/1E_favorite query:#مع_الحكيم تايلاند تبدأ اختبار لقاح لفيروس #كورونا على القرود #كوفيد19 #covid19 #corona #كورونا https://t.co/jPBl3pdwK6 	 2
arabic/1E_favorite query:خبر سار.. 2 مليار جرعة لقاح لفيروس #كورونا بقيمة 750 مليون دولار تنتجها أكسفورد وتمولها مؤسسات خيرية بينها بيل وميليندا غيتس، منها 400 مليون لقاح سيتم توفيرها بحلول نهاية 2020.. فهل سنقول قريباً، لقد مرّ كورونا ومضى؟ https://t.co/2hv0qLR0NF 	 203
arabic/1E_favorite query:أعلن الرئيس الروسي فلاديمير بوتين أن بلاده طورت أول لقاح يوفّر "مناعة مستدامة" ضد فيروس كورونا المستجد. - وقال إن إحدى بناته طُعمت باللقاح الجديد وأنه اجتاز جميع الاختبارات. #كورونا #روسيا https://t.co/bAqxqNo31A 	 9
arabic/1E_favorite query:📌| متحدث «#وزارة_الصحة»يؤكد: المناعة التي تحدث بالحصول على لقاح #كورونا أفضل وأكثر أمنا من المناعة المتحصلة بسبب الإصابة بالفايروس. https://t.co/EC7w9wW4ro 	 14
arabic/1E_favorite query:#اضواء_الوطن | الصحة العالمية: لم نتلق المعلومات الكافية حول اللقاح الروسي المحتمل ضد #كورونا 	 2
arabic/1E_favorite query:#ترمب يعد بـ«سحق» #كوفيد_19 ويكشف موعد اللقاح #عكاظ #ان_تكون_اولا #تطبيق_عكاظ #كورونا #corona https://t.co/cV8qw7i02W 	 5
arabic/1E_favorite query:زيارة سعادة رئيس مجلس الادارة لمركز لقاحات #كوفيد_19 في #تبوك وثناءه على جهود #وزارة_الصحة والمتطوعين والمتطوعات وتلقيه لجرعة اللقاح. https://t.co/DUfwYefNL8 	 33
arabic/1E_favorite query:عاجل | مايك بنس نائب الرئيس الأمريكي: سنشرع خلال 6 أسابيع بإجراء تجارب مخبرية على لقاح لـ #كورونا إنما أستبعد أن يجهز خلال هذا الموسم #Coronavirus 	 19
arabic/1E_favorite query:قال أنتوني فوسي ، كبير الخبراء الوطنيين في مجال الأمراض المعدية في الولايات المتحدة ، إن لديه شكوكًا جدية بشأن ادعاء روسيا أن لديها لقاحًا جاهزًا للاستخدام في مكافحة COVID-19. قال ذلك في لقاء ناشيونال جيوغرافيك: "إن الحصول على لقاح وإثبات أن اللقاح آمن وفعال هما شيئان مختلفان" 	 6
arabic/1E_favorite query:#سبق_في_أسبوع بأمر #الملك إحالة مسؤول إلى التقاعد وإعفاء آخرين بسبب تعديات على أراضي البحر الأحمر.. #الصحة: حالات التعافي من #كورونا تجاوزت الـ90%.. #وزير_الصحة: التعليم عن بُعد سيُمدد في حال عدم توفر لقاح.. وكيل التعليم: لا علاقة للوزارة برسوم المدارس الأهلية والمسألة عرض وطلب. https://t.co/IWGhAaDBzh 	 46
arabic/1E_favorite query:لقاح Sputnik حقيقةً لقاحين سبق نشر تفاصيلهم: فيروس هجين يشمل غلاف الكورونا S في adenovirus-26 وهو لقاح شركة J&amp;J الأمريكية بعد 21 يوم يتم حقن فيروس هجين آخر شبيه - adenovirus-5 مع غلاف كورونا S وهو لقاح CanSino https://t.co/0xmebBXp8g (2/5) 	 3
arabic/1E_favorite query:#اضواء_الوطن | ترمب: سنعلن قريبا عن لقاح ضد #كورونا 	 5
arabic/1E_favorite query:عاجل | #روسيا: تجربة اللقاح المكتشف أظهرت أن المناعة ضد #كورونا تستمر لعامين https://t.co/vf8871eqYz https://t.co/3tDPukZ44Z 	 27
arabic/1E_favorite query:الصحة السعودية : لقاح #كورونا شرط رئيس لأداء فريضة الحج هذا العام #الشرقية_نيوز https://t.co/CQhNHOWRzI 	 61
arabic/1E_favorite query:موقع جديد لعدد الجرعات من #لقاح #كوفيد١٩ ويبين عدد المُطعمين في السعودية. أعداد مبدئية جيدة وان شاء الله نرى الاقبال أكبر. لست متأكد من دقة المعلومات فيه ولكن ممكن يعطي تصور بشكل عام. https://t.co/nYgzrnij5N #كورونا 	 100
arabic/1E_favorite query:✅ الرئيس الروسي أعلن اليوم عن تسجيل أول لقاح ضد #فيروس_كورونا في العالم. 📍روسيا تؤكد بان اللقاح الجديد يعمل بشكل فعال للغاية، ويشكل مناعة مستقرة، و اجتاز جميع الاختبارات اللازمة. 	 207
arabic/1E_favorite query:#روسيا تخطط لإنتاج 6 ملايين جرعة شهرياً من لقاح كورونا https://t.co/cglnAkhUej #فيروس_كورونا #COVID19 #البيان_القارئ_دائما https://t.co/z8pgFXIWGX 	 4
arabic/1E_favorite query:#الصحة_العالمية: إيجاد لقاح لـ #كورونا قد يستغرق 18 شهرا رابط تخطي الحجب: https://t.co/YptX36jO1r للمزيد: https://t.co/jaaKVPn4eW 	 0
arabic/1E_favorite query:تعمل شركات الأدوية الكبرى بالشراكة مع الوكالات الحكومية الأمريكية على تطوير لقاح ضد فيروس #كورونا المستجد، ونأمل أن يكون الجدول الزمني لعملية التطوير قصيرًا للوصول إلى مخرج من الكارثة الناجمة عن انتشار هذا الفيروس. https://t.co/zA9PwzStfO 	 2
arabic/1E_favorite query:رئيس شركة #الصين الوطنية للصناعات الدوائية يؤكد لقاح فيروس #كورونا سيكون متاحا تجاريا بحلول نهاية العام الجاري. ، https://t.co/JKGquWjRJw 	 20
arabic/1E_favorite query:#بوتين يعلن وصول #روسيا قبل الجميع لأول لقاح من نوعه في العالم ضد فيروس #كورونا ، كيف توصلت إليه؟ ومارد فعل منظمة الصحة العالمية والخبراء؟ إليك آخر التطورات: https://t.co/DhNHnjaQbA 	 25
arabic/1E_favorite query:100 مليون جرعة من لقاح #كورونا .. #أمريكا تبرم اتفاق مع شركتي أدوية https://t.co/2JTTz7HxHk https://t.co/dz7Vr2vH3e 	 4
arabic/1E_favorite query:🚨جائحة #فيروس_كورونا لاتزال نشطة عالمياً وحتى الان لا يتوفر لقاح، او علاج نهائي. 📍اجمعت المنظمات الصحية بالعالم على ان اتباع الاجراءات الوقائية يعتبر خط الدفاع الرئيسي للوقاية من العدوى. ✅ لحماية انفسنا ومجتمعنا يجب ان نلتزم بـ: - ارتداء الكمامة - التباعد الجسدي - غسل اليدين 	 58
arabic/1E_favorite query:اللقاح دائما مجاني #هنا_السعودية #لقاح_كرونا #وزارة_الصحة من تصريح معالي #وزير_الصحه د.توفيق الربيعة @tfrabiah https://t.co/Qp1DBhBSEA 	 21
arabic/1E_favorite query:وزير الصحة السعودي د. توفيق الربيعة: شرط قبول المشاركين في موسم الحج المقبل، مرتبط بتلقيهم لقاح كورونا https://t.co/PSahbWKmrH 	 15
arabic/1E_favorite query:#خبر_سار: جامعة #أكسفورد تؤكد أن تجاربها لتطوير لقاح ضد فيروس كورونا أظهرت أنه آمن ويدرب جهاز المناعة على التعامل مع الفيروس. 	 1006
arabic/1E_favorite query:$IBIO تعلن عن اتفاقيه حصرية مع شركة Planet لتطوير لقاح لعلاج فيروس كورونا والباقي من الخبر مصطلحات وتقنيات طبيه ! https://t.co/XYDkuGGDFz 	 4
arabic/1E_favorite query:أعلن الرئيس الروسي فلاديمير بوتين اليوم الثلاثاء 11 أغسطس/آب 2020 أن معهد جماليا الروسي نجح في تطوير أول لقاح مضاد لكوفيد-19 في العالم. واعتمدت وزارة الصحة الروسية اللقاح الجديد بعد أقل من شهرين من البدء في اختباره على البشر. https://t.co/69t0a4zlpN 	 3
arabic/1E_favorite query:فيروس كورونا: ألمانيا تتجه للسماح باستخدام لقاح أوكسفورد لمن تزيد أعمارهم عن 65 عاما ألمانيا وعدد من دول الاتحاد الأوروبي منعوا قبل نحو شهرين تطعيم من تتخطى أعمارهم 65 عاما بلقاح أوكسفورد -أسترازينيكا، لكنهم يتجهون لتغيير موقفهم بعد تلقيهم المزيد من نتا https://t.co/aZ0NDF2sSj 	 0
arabic/1E_favorite query:@MOPHQatar وللعلم ودون لقاح أو اللجوء لمناعة القطيع.. نجحت الدول الاسيوية في إبطاء انتشار كورونا ليست الصين وحدها في هذا المضمار، فقد نجحت كوريا الجنوبية في احتواء فيروس كورونا والحد من انتشاره، وهو النجاح الذي أشاد به مدير منظمة الصحة العالمية في إحدي تصريحاته.-٥ 	 3
arabic/1E_favorite query:رويترز: اتفاق بين #إسرائيل و #الدنمارك و #النمسا على تطوير لقاحات #كورونا 	 2
arabic/1E_favorite query:سند وذخر 🇶🇦 14953 متطوع حتى الآن من هل #قطر والمقيمين يضربون أروع الأمثلة في الوقوف مع الدولة لمكافحة فيروس #كورونا ✌️ 	 3114
arabic/1E_favorite query:قصه متكرره اسمعها مؤخراً من بعض مرضاي بأن أحد أو عدد من أفراد اسرهم مصابين بكوفيد-١٩. وعندما استفسر من المتحدث يقول انه تلقى اللقاح ولم يصب بالفايروس. ويزيد بعضهم انه كان يرعى المصابين بالمنزل ومع ذلك لم يشعر باعراض المرض وكانت المسحه سلبيه #لقاح_كوفيد_19 #لقاح_آمن #لقاح_الأمل 	 56
arabic/1E_favorite query:د. سعد جابر / وزير الصحة: إن الحياة لن تعود إلى طبيعتها بشكل كامل، إلا بعد اكتشاف لقاح أو علاج للوباء #صحتك_بتهمنا #فيروس_كورونا #الأردن #كورونا_الأردن #كوفيد_19_الأردن https://t.co/7oVCAqvi1w 	 65
arabic/1E_favorite query:أعلن الرئيس الروسي فلاديمير #بوتين أن بلاده طورت أول لقاح ضد فيروس #كورونا، مع الإشارة إلى أن نجلته تناولت هذا اللقاح. للمزيد: https://t.co/EgL6Ix20db https://t.co/1rb8BF65GL 	 8
arabic/1E_favorite query:#روسيا تعلن الانتهاء من التجارب السريرية على لقاح ضد #كورونا #جريدة_الراية #لأجل_قطر_كلنا_في_البيت https://t.co/Z0R1elBXbj 	 4
arabic/1E_favorite query:#بلومبرج: اللقاح الصينى المضاد لفيروس "كوفيد-19" بسيط وفعال #كورونا https://t.co/yp2eL4vuQK 	 42
arabic/1E_favorite query:أعلن الرئيس الأرجنتيني ألبرتو فرنانديز، أمس الأربعاء، أن الأرجنتين والمكسيك ستتوليان إنتاج اللقاح المستقبلي ضد فيروس كورونا الذي يُطوّره مختبر «أسترازينيكا» مع جامعة أكسفورد البريطانية، مشيراً إلى أنّ البلدين سيعملان أيضاً على توزيعه في دول أمريكا اللاتينية، باستثناء البرازيل... https://t.co/H1inLDwBIw 	 16
arabic/1E_favorite query:الرئيس بوتين : اللقاح الروسي المضاد لفيروس #كورونا فعّال ويشكل مناعة مستقرة. الحمد لله انو في خبر مفرح ب2020 حلها بقى، زهقنا من الأخبار المشؤومة. 	 230
arabic/1E_favorite query:اي صيدليه الدواء عندها لقاح . https://t.co/IVFDHnq0GX 	 4
arabic/1E_favorite query:#ترامب يعد العالم بأخبار سارة بشأن #كورونا هذه الليلة، و #بوتين أعلن انه وجد اللقاح وانتهى الأمر، ومنظمة الصحة العالمية تقول إنه لا لقاح للفيروس في المدى القريب. من يكذب؟ 🤔 	 24
arabic/1E_favorite query:الرئيس الأمريكي يعرب عن ثقته في أن لقاح فيروس كورونا المستجد /كوفيد 19/ سيكون متاحاً بحلول نهاية عام 2020. #قنا 	 48
arabic/1E_favorite query:يخشى الخبراء من أن اللقاح الذي تمت الموافقة عليه بشكل سريع،والذي قد يتبين لاحقًا أنه غير فعال أو شديد الخطورة،من شأنه أن يضعف الثقة في لقاح ضد فيروس كورونا المستجد واللقاحات بشكل عام. الشكوك حتى الآن في أن اللقاح قد تم اختباره جيدًا بما يكفي للموافقة عليه وفقًا للمعايير الطبية 	 15
arabic/1E_favorite query:بدأت شركة الأدوية سينوفارم الصينية ،المرحلة الثالثة من التجربة السريرية لتقييم لقاح مرشح ل Covid-19 في أبو ظبي،وصرح محسوب على الشركة المحلية أن المرحلة الثالثة في السعودية سيتم تجربتها على ٧٠٠٠ ممارس صحي ، وهو ما قد يثير القلق لو حدثت أعراض جانبية خطيرة. https://t.co/UrkZw1R6MG 	 37
arabic/1E_favorite query:الصحة: أكثر من مليون جرعة من لقاح كورونا تم إعطائها حتى الآن في جميع مناطق المملكة. 	 748
arabic/1E_favorite query:#بوتين يعلن تسجيل أول لقاح ضد فيروس #كورونا بالعالم https://t.co/oefoThD0Fh #عـاجـل https://t.co/Qj8CxQvBtx 	 47
arabic/1E_favorite query:يتم تشخيص COVID-19 لأي مشكلة في الجهاز التنفسي وفقًا لموظف المستشفى هذا..وهكذا تم تزيف الحقائق وأعطى العالم ارقام ضخمه لاعداد المصابين وتخويف الناس وفرض قوانين أحترازيه لتضيق الخناق على الشعوب كي تقبل اخذ اللقاح مقابل الحرية https://t.co/FUcMfqV0mZ 	 36
arabic/1E_favorite query:الرئيس الروسي يعلن رسمياً عن تسجيل #روسيا أول لقاح في العالم مضاد لفيروس #كورونا . https://t.co/4BlUzX0tjW 	 0
arabic/1E_favorite query:#عاجل عشرون دولة طلبت مسبقاً مليار جرعة من اللقاح الروسي ضد كوفيد-19 #بوتين #روسيا #كوفيد_19 #فيروس_كورونا https://t.co/V1R1nXYHlA 	 25
arabic/1E_favorite query:منظمة الصحة العالمية: فيروس #كورونا استغرق 67 يومًا للوصول إلى 100 ألف حالة و 11 يومًا للوصول إلى 200 ألف و 4 أيام للوصول إلى 300 ألف. #منع_التجول والالتزام بالبقاء في المنزل وعدم مخالطة الآخرين يكسر سلسلة الانتشار ويساعد على استقرار الخدمات الطبية. 	 795
arabic/1E_favorite query:سباق علمي لإيجاد لقاح مضاد ل #كورونا https://t.co/CCBrqHWhhS 	 4
arabic/1E_favorite query:#روسيا لقاح #COVID19 ومن أجل تعزيز المناعة يحقن مرتين حيث تتضمن الحقنة الأولى مكونا واحدا للقاح وبعد 3 أسابيع يحقن مرة أخرى باستخدام مكون ثان للقاح. وتتضمن التعليمات كذلك ملاحظة تشير إلى أن شخصا يخضع للتطعيم يجب أن يبقى تحت رقابة الأطباء لمدة 30 دقيقة لقاح #COVID19 https://t.co/r9sxyCyWVK 	 1
arabic/1E_favorite query:#فيديو ابنة الرئيس الروسي #بوتين تطوعت لأخذ لقاح #فيروس_كورونا فماذا حصل لها؟ بوتين يروي أن ابنته أخذت اللقاح الروسي الجديد المعروف طبيا بسوتينيك v من دون علمه والنتيجة كانت مبهرة حيث انخفضت درجة حرارتها من 38.4 إلى 37 بعد يوم واحد من تناوله حيث وفر لها اللقاح مناعة مستقرة https://t.co/Vq7VlBr6WQ 	 1
arabic/1E_favorite query:رسميا : روسيا وعبر رئيسها بوتين تعلن رسميا بنجاح اول لقاح في العالم وتسجيله كأول لقاح لفيروس #كورونا في العالم بعد نجاحه بالمراحل التجريبية . الحمدلله يارب 😭 🇷🇺 https://t.co/J3PGrMbDmB 	 1
arabic/1E_favorite query:هل لقاح الالتهاب يحمينا من فيروس كورونا ؟ كلا ، هو اعتقاد خاطئ . #كورونا https://t.co/olGjWNypyX 	 6
arabic/1E_favorite query:الأمور طيبة مع تجربة اللقاح...جميع المتطوعين الذين تم حقنهم بلقاح تجريبي ضد #فيروس_كورونا تكونت لديهم أجسام مضادة. هذا لقاح شركة موديرنا. https://t.co/wkXX67QeTU https://t.co/sRaz8dNyUs 	 445
arabic/1E_favorite query:إنتاج لقاح "جديد" لـ #كورونا.. والجرعة بـ4 دولارات | #كوفيد_19 #Covid_19 #corona https://t.co/KC5WNsMg3Y 	 44
arabic/1E_favorite query:رئيس صندوق الاستثمار الروسي لقناة العربية: - تلقيت وعائلتي جرعة من اللقاح ضد فيروس كورونا - لقاح كورونا الجديد متاح للعديد من الدول - الهجوم ضد لقاح كورونا الروسي كان بدوافع سياسية - الصحة في موسكو أكدت سلامة لقاح كورونا وفاعليته #الرؤية_بلا_حدود https://t.co/WUXTkx3V3B 	 8
arabic/1E_favorite query:عاجل | جامعة اكسفورد: التجارب التي أجريت على لقاح ضد فيروس كورونا أظهرت نتائج في تقوية المناعة لدى الإنسان 	 94
arabic/1E_favorite query:نحن على بعد خطوة واحدة من لقاح وهم كورونا القاتل نشرت جامعة أكسفورد نتائج تجربتها للقاح وقعت Novartis اتفاقية مع CEPI و Gavi بقيمة 750 مليون دولار لدعم تصنيع وشراء وتوزيع 300 مليون جرعة من اللقاح جافي Gavi يعني الشيطان بيل جيتس، يعني شهادة وفاة، يعني شايل كفنك علي ايدك أستيقظ https://t.co/x06e5l3OTO https://t.co/wVk4W91ENw 	 19
arabic/1E_favorite query:🔻لقاح وهم كورونا السام 💉🚫 قد يقتل 50 مليون شخص في الولايات المتحدة . https://t.co/hYgm2xra8z 	 55
arabic/1E_favorite query:رئيس لجنة مكافحة #كورونا : مصر ستنتج اللقاح بخبرات صينية نهاية العام الجاري https://t.co/IppKZU2V01 	 16
arabic/1E_favorite query:#ترامب يتعاقد مع "مودرنا" لشراء 100 مليون جرعة من لقاح #كورونا https://t.co/ckm7xuZ6OJ https://t.co/wU2Cmex7d9 	 22
arabic/1E_favorite query:#مع_الحكيم #نتائج: "الحيوانات التي تلقت لقاح "أوكسفورد" كونت أجساما مضادة لفيروس #كورونا بالفعل" #كوفيد19 #covid19 #coronaupdate #corona https://t.co/5CjbqDNKnX 	 4
arabic/1E_favorite query:وزير داخلية #ألمانيا يستنكر محاولة #ترمب إغراء إحدى شركات الأدوية الألمانية بمبالغ خيالية لإنتاج لقاح ضد #فيروس_كورونا حصريا لـ #أمريكا ويقول : "بلادنا ليست للبيع وسنحقق بالموضوع" والمفوضية الأوروبية تدرس منح المختبرات الألمانية 80 مليون يورو لإنتاج اللقاح المناسب . https://t.co/lFB0IgHmRT 	 28
arabic/1E_favorite query:لقاح #كورونا المرتقب.. الدول الغنية أول من سيحصل عليه #سكاي_أخبار https://t.co/h5en1o69pu 	 62
arabic/1E_favorite query:الغريب في اللقاح الروسي لـ #كورونا ان التصريح يا من الرئيس الروسي دون الرجوع لمنظمة الصحه العالميه مما يدل على ان المنظمة من منظور الروس مجرد منظمة تخدم اجنده لجهات ذات سياده محدوده ! 	 2
arabic/1E_favorite query:كيف سيؤثر لقاح #جونسون_أند_جونسون على الحرب ضد فيروس #كورونا؟ تقرير يسلط الضوء.. شاهد https://t.co/dFZMHGB66C 	 14
arabic/1E_favorite query:🛑عاجل : مدير منظمة الصحة العالمية: 6 لقاحات بشأن فيروس #كورونا في مرحلة جيدة من التجارب السريرية https://t.co/dk7nbzPJB4 	 3
arabic/1E_favorite query:ما فعالية لقاح سبوتنيك المضاد لكورونا؟ شاهد هذا التقرير! #سبوتنيك #لقاح_كورونا #اللقاح_الروسي #روسيا #بوتين #كورونا #فيروس_كورونا #ألسومرية https://t.co/771hJJZUnP 	 42
arabic/1E_favorite query:د.الحمادي: هناك لقاحات تكون مناعة للجسم طويلة المدى كلقاح الحصبة، ومنها ما يكون مناعة قصيرة المدى مثل لقاح الإنفلونزا، وعندما يحاول الفيروس تغيير تركيبه وهجومه يتطلب ذلك تطوير لقاح جديد أو تجديده #أنت_المسؤول #كورونا 	 0
arabic/1E_favorite query:ذكرت وكالات أنباء محلية أن وزير الصحة الروسي ميخائيل موراشكو يجهز لحملة تطعيم جماعي ضد فيروس #كورونا في أكتوبر بعد استكمال التجارب السريرية لأحد اللقاحات. و اضاف ان معهد جاماليا البحثي التابع للدولة في موسكو استكمل التجارب السريرية للقاح ويجري حاليا الاستعداد لإجراءات تسجيله. 	 23
arabic/1E_favorite query:مسؤول روسي: "نتوقع إجراء تجارب إضافية على اللقاح الجديد في الإمارات والفلبين قريبًا". #اللقاح_الروسي #فيروس_كورونا https://t.co/2mt8NEjwZs 	 68
arabic/1E_favorite query:رئيس روسيا الاتحادية #بوتين تعلن عن أول #لقاح في العالم ضد #فيروس_كورونا اللهم اصرف عنا الوباء والابتلاء اللهم انا نعوذ بك من البرص والجنون والجذام ومن سيئ الاسقام #البحرين #روسيا #العالم https://t.co/mAdze42hxC 	 2
arabic/1E_favorite query:إصابة عاملين بمشروعات كأس العالم في قطر بـ #كورونا #العربية_عاجل https://t.co/a1vIGVFnOW 	 230
arabic/1E_favorite query:العالم اليوم : 1- الرئيس الأمريكي: متفائل بتوافر لقاح ضدّ #كورونا في نهاية العام الجاري. 2- #مصر في "تراجع مستمر"وتسجل أرقاما قياسية إيجابية مع #كورونا 3- #السعودية تسجل أقل حالات نشطة منذ 40 يوم 4-#نيوزلندا تكمل يومها الـ 87 بدون تسجيل أي إصابة جديدة محلية من داخل البلاد. 	 10
arabic/1E_favorite query:عاجل 🚨  الصين تعلن أن كل المتعافين الذكور من فايروس كورونا أصيبوا بعجز جنسي كامل..! ويأتي ذلك بسبب ارتفاع درجة السخونة الذي أدى إلى تلف الخصوبة لدى الرجال. https://t.co/xt6WLSHgog 	 10554
arabic/1E_favorite query:نتنياهو يبحث مع مستشار النمسا ورئيس وزراء الدنمارك إنشاء مصنع لإنتاج اللقاحات https://t.co/blXGgL03e9 #فلسطين #جريدة_القدس #عاجل #اخبار #متابعة #تقارير #لقاحات_كورونا #فيروس_كورونا #الضفة #الصحة https://t.co/9kYxlTHQ87 	 0
arabic/1E_favorite query:#العفو_الدولية تفضح نظام تميم الإرهابي .. #قطر تترك العمال يواجهون الموت بـ #كورونا #صدى_البلد #البلد  https://t.co/2Q8LHRyx7o 	 7
arabic/1E_favorite query:#إيطاليا تبدأ تجارب بشرية على لقاح مضاد لـ #كورونا https://t.co/dv5tZ4Gxbt #طقس_العرب 	 5
arabic/1E_favorite query:#ترامب يعلن عن عقد مع شركة «موديرنا» لتسليم 100 مليون جرعة من لقاح #كورونا • بتكلفة 1.5 مليار دولار https://t.co/LwOalN05Ls 	 3
arabic/1E_favorite query:#قيس_سعيد يتلقى 500 جرعة من لقاح كوفيد 19 بشكل سري من #بن_زايد... ديوان سعيد يضطر للاعتراف بعد أن فضحهم سفير بن زايد في #تونس... ربما يفسر هذا الخبر الفضيحة بعضا مما يجري في تونس من إصرار على تعطيل المؤسسات من قبل سعيد... وفهمكم كفاية! 	 1723
arabic/1E_favorite query:أخبار الآن/ استقالة كبير أطباء الجهاز التنفسي في #روسيا بسبب مخاطر لقاح #كورونا - عبر تطبيق نبض @NabdApp https://t.co/A42aAslDaN 	 5
arabic/1E_favorite query:الصحة الروسية تعلن نتائج الاختبارات على أول لقاح لـ #كورونا الاثنين المقبل #روسيا https://t.co/VQy3TzBs31 	 28
arabic/1E_favorite query:#بوتين يُعلن طرح لقاح ثاني ضد #كورونا في سبتمبر https://t.co/kS60kAWjd3 https://t.co/CSdf3KPa3i 	 16
arabic/1E_favorite query:لقي إعلان الرئيس الروسي فلاديمير #بوتين، تطوير بلاده لقاح #كورونا صدى واسعاً في العالم الذي ينتظر الأمل لمواجهة "عدو البشرية" #اندبندنت_عربية_تغنيك https://t.co/t5VpwXYYFq 	 142
arabic/1E_favorite query:الصحة العالمية تحذر: لقاح فيروس #كورونا وحده لن ينهي الجائحة ولا يمكننا العودة إلى ما كانت عليه الأمور https://t.co/bVvuCDLXR4 #العربية 	 8
arabic/1E_favorite query:منظمة الصحة العالمية: لم نتلق أي معلومات بشأن اللقاح الذي أعلنت روسيا عنه لمكافحة فيروس #كورونا، لذلك لا نستطيع تقيمه 	 40
arabic/1E_favorite query:المسار | رئيس الفلبين يتطوع لتجربة لقاح #كورونا الروسي على نفسه https://t.co/6gE7Z5vysN 	 2
arabic/1E_favorite query:الاختصاصي في علم الوبائيات عبدالكريم قزيز: تطعيم 70% من سكان العالم لتحقيق مناعة القطيع ضد #كورونا قبل نهاية العالم "مستحيل" ما يزيد خطر حدوث طفرات #العربية https://t.co/Q3CLHmbjgl 	 7
arabic/1E_favorite query:بالفيديو: تعرف على الاشتراطات الصحية للمتطوعين بالمرحلة الثالثة من التجارب السريرية على لقاح فيروس كورونا ( كوفيد 19 ) ؟ https://t.co/ka22c4fBzj #لأجل_الإنسانية #تطوع_لأجل_الإنسانية #4Humanity ⁧#نواصل_بعزم⁩ #كلنا_فريق_البحرين 	 6
arabic/1E_favorite query:#لواء_5يونيو| مسؤول بارز في قطاع الصحة في روسيا، أعلن أن اللقاح الروسي ضد فيروس كورونا قد دخل مرحلة الاختبارات النهائية، ومن المتوقع تسجيله رسمياً الاسبوع المقبل. https://t.co/ERLeTMTAUQ 	 6
arabic/1E_favorite query:#منظمة_الصحة_العالمية علقت بحذر على إعلان #روسيا، التوصل للقاح ضد وباء #كورونا قال المتحدث باسم المنظمة: نحن على تواصل وثيق مع السلطات الروسية والمرحلة التي تسبق ترخيص أي لقاح تمرّ عبر آليات صارمة وذلك رداً على سؤال عن إعلان الرئيس الروسي توصل بلاده لأول لقاح ضد كورونا https://t.co/1zHmj7UGRA 	 12
arabic/1E_favorite query:لقاحات #كورونا نهاية العام وتوزيعها بداية 2021 • التوزيع العادل بنسبة 20% من عدد سكان كل دولة https://t.co/qstwJ3C0Yw 	 9
arabic/1E_favorite query:اختصاصي علم الفيروسات يحيى عبد المؤمن مكي: #روسيا تعتمد على الغلاف البروتيني لــ #كورونا في إنتاج اللقاح وهي طريقة فعالة.. والتجارب في المراحل الأخيرة #العربية https://t.co/vnuMWWs258 	 80
arabic/1E_favorite query:هل تنجح #تونس في تطوير لقاح ضد #كورونا باستخدام معارفها في لقاح طورته في وقت سابق ضد داء الكلب؟ https://t.co/7gPKTdTKUJ 	 8
arabic/1E_favorite query:البابا فرانسيس: لايجب اعطاء الأغنياء أولوية في لقاح الكورونا https://t.co/WGJZ6aUzIn 	 5
arabic/1E_favorite query:روسيا تعلن اول لقاح ضد فيروس كورونا سيكون لهذا الخبر مردود ايجابي على اسواق الاسهم 	 2
arabic/1E_favorite query:التحالف العالمي للقاحات: أولى المؤشرات على فاعلية لقاح ضد #كورونا قد تظهر في الخريف https://t.co/51maPuSTNa 	 12
arabic/1E_favorite query:لم يحدث موجة ثانية للفيروس الصيني في #تركستان_الشرقية، ورغم ذلك أغلقت بلاد الأويغور بكاملها من طرف الحزب الشيوعي الصيني، حيث أجروا تجارب المرحلة 3 من لقاح #كورونا على 20,325 أويغوري تم عزلهم لمدة 6 أسابيع، و الآن أطلقوا سراح البعض للذهاب الى منازلهم. https://t.co/RFF3m5f8rQ 	 11
arabic/1E_favorite query:#روسيا : تعلن عن انتاج لقاح ثان لفيروس #كورونا في سبتمبر المقبل ​ ​ #صحيفة_مكة ​ https://t.co/F3o2v6HKf7 	 5
arabic/1E_favorite query:رغم خطتها لبدء إنتاج لقاح #كورونا في سبتمبر .. #روسيا لم تنته من مرحلة #التجارب_السريرية https://t.co/YqGy1zQEpz https://t.co/1bUlkqO3In 	 1
arabic/1E_favorite query:يترك وشماً رقمياً و #فاوتشي هو الشيطان.. نظريات المؤامرة تهاجم لقاح #كورونا وسط انتشار كثيف للمعلومات المضللة عبر الانترنت.. تقرير لـCNN يسلط الضوء https://t.co/y22hOqhTV1 	 24
arabic/1E_favorite query:- تفائلوا بالخير تجدوه تحديث عن اللقاح الصيني ساينوفارم أكدت كبرى شركات الصين للادوية وهى مملوكه للحكومة الصينية ان لقاحها المضاد لفيروس كورونا سيكون متاحا للجميع قبل اواخر العام الحالى بسعر ١٤٤ دولار لجرعتين . فألكم عافية ورحمة. ِ https://t.co/rvAeZw2mKz 	 100
arabic/1E_favorite query:#كورونا وسباق اللقاح.. شراء جرعات لم تصنع بعد. نقاش دار في #غرفة_الأخبار مع شانتال أبي خليل #شاهد_سكاي @chantalsak https://t.co/ndnZIjC9lR 	 31
arabic/1E_favorite query:وسبق أن أكدت منظمة الصحة العالمية أن فيروس #كورونا المستجد سيبقى بين المجتمع البشري "لوقت طويل"، معتبرا أن موجة ثانية للجائحة على الأقل ستضرب العالم بسبب عدم وجود أي لقاح جاهز ضد المرض حتى الان 	 0
arabic/1E_favorite query:#روسيا تطوّر أوّل لقاح ضدّ فيروس "#كورونا" https://t.co/UNIjoxj1u4 	 35
arabic/1E_favorite query:اختبار لقاح #كورونا الروسى على الأطفال من مختلف الأعمار #روسيا https://t.co/n4DqqGbNEt https://t.co/NRxqwRR9hI 	 40
arabic/1E_favorite query:#ترامب: جائحة #كورونا ستنتهي دون إيجاد لقاح للفيروس والحصيلة النهائية للوفيات في أميركا قد تصل إلى 95 ألفا أو أكثر https://t.co/gitqq3vpkx 	 44
arabic/1E_favorite query:منظمة الصحة تأمل في إنتاج مئات الملايين من جرعات لقاح لـ #كورونا هذا العام #صحيفة_لوسيل #سلامتك_هي_سلامتي https://t.co/vdXSUIEyqW https://t.co/mYDqH0jfF9 	 5
arabic/1E_favorite query:#ترامب سوف يُعلن الموافقة على علاج بـ #البلازما لـ #Covid19 #الإعلان، المتوقع بمؤتمر صحفي الساعة 5:30 مساءا -بعد إشارة مسؤولي #البيت_الأبيض لوجود تأخيرات لدوافع سياسية من قبل #إدارة_الغذاء_والدواء بالموافقة على لقاح وعلاج للمرض الذي قلب فرص إنتخاب ترامب. #وزارة_الصحة https://t.co/kM3T7KrysI 	 1
arabic/1E_favorite query:خبير فرنسي فائز بنوبل يثير عاصفة: #كورونا نجم عن محاولة إنتاج لقاح لفيروس #الإيدز https://t.co/LXnLHxxfeE 	 9
arabic/1E_favorite query:قالك #بوتين بيهذي و مستحيل يكون لقاح كورونا الروسي فعال .. لأسباب حاسمة: ▪️#روسيا مش ديموقراطية. ▪️و #روسيا مش غربية. ▪️ناهيك عن أن #روسيا روسية. و الأشد ترويجاً للهبل أعلاه كانوا الأكثر نشراً للفزع من #كورونا تمهيداً لوصول "المنقذ الأمريكي". بس شكله طلع روسي .. فالصدمة شديدة :) https://t.co/9y4FzmDYKb https://t.co/2I4MVxZnnT 	 12
arabic/1E_favorite query:إذا كان حقًا أن فيروس كورونا مر بطفرة جينية أضعفته وقد تقضي عليه كفيروس سارس السابق له بدون لقاح أو بطيخ. فكيف نفهم الثقة التي بدأ يتحدث بها الجميع فجأة عن قرب إنتاج اللقاح الانجع والأرخص ...إلخ. الم يقولوا من قبل إنه لن يتوفر لقاح قبل نهاية العام المقبل؟ حد عنده تفسير؟ 	 617
arabic/1E_favorite query:دراسة أمريكية لمعهد نيويورك للتكنلوجيا توصلت لأسباب منطقية حول سبب تفشي #كورونا في الدول الغربية المتقدمة بينما كان انتشاره أقل في العالم الثالث والدول العربية السر كان في لقاح السل الذي يعطى للأطفال في الدول النامية قسم العالم لثلاث مستويات فكان أشدها التي لا تقدم لقاحا للسل 	 204
arabic/1E_favorite query:يمكن الحصول على اللقاح الروسي لمن لديه مناعة ضعيفة ومشاكل صحية.يبدو أنه لا يحتوي على أجنة مجهضة ومواد معدنية ولا يتم التحكم في العقل عبره التي يتميز بها لقاح الوحش للماسوني بيل جيتس.الذي يصيب المطعمين بأمراض خطيرة. لقاح روسيا يبدو أنه الأنجح حاليا للمضطرين! وبديل جيد عن بيل جيتس! https://t.co/eJ2ZapbEU9 	 9
arabic/1E_favorite query:بعد اعلان بوتين عن إيجاد روسيا لقاحاً ضد كورونا أعلن كبير أطباء الجهاز التنفسي "الصدرية" في روسيا عن استقالته من منصبه إثر الاستعجال في انتاج لقاح ضد فيروس كورونا،بسبب ما وصفها بالانتهاكات الجسيمة لأخلاقيات مهنة الطب، التي حصلت نتيجةالاستعجال في إنتاج لقاح ضد الفايروس #بوتين_كذاب https://t.co/5VCc4goax1 	 21
arabic/1E_favorite query:خبر رائع جدا " في الشهر الماضي، تم حقن ٦ قرود بجرعة من لقاح جامعة أكسفورد الجديد. بعد ٤ أسابيع، كان الستة جميعهم بصحة جيدة ولم تظهر عليهم أي علامات على COVID-19 المرض، تسجل أكسفورد الآن أكثر من 6000 مشارك في تجربة لإثبات أن اللقاح آمن وفعال ". فألكم الفرح والخير 🙏🏾..! https://t.co/mNJ2NPCe3P 	 87
arabic/1E_favorite query:#الصحة_العالمية: نعمل مع الحكومات والقطاع الخاص على تسريع إنتاج لقاح لفيروس #كورونا https://t.co/S4LZBZ50hZ 	 21
arabic/1E_favorite query:ترامب يتعهد بالقضاء على فيروس #كورونا بواسطة لقاح نهاية العام للتفاصيل: https://t.co/m8zeWLyQeU #نتصدر_المشهد #COVID19 https://t.co/LqUvcdt3KA 	 5
arabic/1E_favorite query:وزير الصحّة اللبناني الدكتور #حمد_حسن: هُناك معاهدات دوليّة مع #WHO تحفظ حقّ #لبنان بالحصول على اللقاح ضدّ ڤيروس #كورونا عند إنتهاء مراحل التجارب السريريّة، وقد تمّ التواصل مع #روسيا بخصوص دخولنا في هذه التجارب، والمال متوفّر لشراءه من قرض البنك الدولي 	 128
arabic/1E_favorite query:اول صورة للقاح الروسي المضاد لفيروس كورونا covid19 هذا اول لقاح في العالم مضاد لهذا الفيروس https://t.co/1AFGOVVZ8J 	 2
arabic/1E_favorite query:تستخدم دفعة جديدة من الاختبارات لتشخيص المرضى المصابين بفيروس كورونا ما زالت قيد التطوير نفس التكنولوجيا المستخدمة في اختبارات الحمل في المنزل ، ويقول بعض الخبراء إنه إذا تم نشرها على نطاق واسع وبشكل متكرر فإنها يمكن أن تغير مسار الوباء حتى قبل أن يكون هناك لقاح. https://t.co/l9wJLsZIHq 	 1
arabic/1E_favorite query:بوتين يعلن رسميًا إنتاج روسيا لقاح ضد فيروس كورونا https://t.co/A16rkHlkmY 	 5
arabic/1E_favorite query:الجانب المشرق من مستجدات جائحة #كورونا .. شركة أمريكية تعلن لقاح مُرشح لكورونا وتتعهد بتوفير مليار جرعة للعالم للتفاصيل👇 https://t.co/g5tMZrw2Bf 	 5
arabic/1E_favorite query:فاوتشي يشكك في أمان وفاعلية اللقاح الروسي لعلاج #فيروس_كورونا - أشك بشكل جدي في أنه آمن وفعال - الوصول إلى لقاح وإثبات أنه آمن وفعال أمران مختلفان - نواصل تطوير عدد من اللقاحات - إذا ما أردنا استغلال الفرصة لإيذاء الناس فيمكننا البدء الأسبوع القادم https://t.co/Hln0wwd6TZ 	 7
arabic/1E_favorite query:منظمة الصحة العالمية تحث دول العالم على الانضمام بسرعة إلى برنامجها للقاح عالمي مشترك لفيروس #كورونا .. وتؤكد أن اللقاح هو الحل الوحيد للقضاء على الوباء وتعافي الاقتصادات https://t.co/SanPUjAPoi 	 6
arabic/1E_favorite query:الأجسام المضادة S309 ستساعد في اكتشاف علاج أو لقاح #كورونا المستجد .. وجاءت هذه النتيجة بعد أن قام الباحثون في الدراسة بفحص عينات دم مرضى بالسارس في عام 2003 ووجد الباحثون S309 التي أظهرت قدرة قوية على تعطيل "البروتين الذي يسمح لفيروس كورونا المستجد باحتلال الخلايا .. 	 1
arabic/1E_favorite query:بدء تطعيم كبار السن وأصحاب الأمراض المزمنة بلقاح #كورونا #صدى_البلد #البلد https://t.co/y5QLUfmZGy 	 1
arabic/1E_favorite query:🔴 بيل غيتس يصرح بأن فترة الدراسات الإكلينيكية لتقييم سلامة لقاحات #كورونا ستكون أقصر من المعتاد 🔴 شاهد هذا المقطع المترجم من مقابلة لغيتس مع هيئة الإذاعة البريطانية BBC في إبريل الماضي 👇🏼 و هو يتحدث عما يجب فعله لتوفير #التطعيم ضد #كوفيد_19 https://t.co/PoX1N6AfRt 	 644
arabic/1E_favorite query:تقرير برنامج #المسافة_الاجتماعية عن مساعي فرق البحث العلمي عبر العالم لابتكار لقاح مضاد لفيروس #كورونا .. #لأجل_قطر_كلنا_في_البيت #forqatarstayhome https://t.co/DkljGQ0Q9g 	 11
arabic/1E_favorite query:أعلن الرئيس الروسي فلاديمير #بوتين أن بلاده طورت "أول" لقاح ضد #كورونا المستجد مؤكدا أنه يوفر "مناعة مستدامة". وأكد أن إحدى بناته تلقت اللقاح الذي طوره مركز نيكولاي غاماليا للأبحاث في علم الأوبئة وعلم الأحياء الدقيقة بالتعاون مع الدفاع الروسية. https://t.co/CXfELpBiiv #فرانس_برس https://t.co/Nz9JuGnWAO 	 45
arabic/1E_favorite query:يبدو ان هناك ارتفاع مفاجيء في حالات #كورونا بشكل مضطرد في دول أوروبا الغربية وكذلك شرق اسيا، ما يشيء بموجة ثانية من الفيروس خلال أسابيع ، كفانا الله واياكم شره . ويبقى الأمل معقود بعد الله، على لقاح أكسفورد الذي سيتم تسليمه للجهات المتخصصة في #بريطانيا الشهر القادم . 	 7
arabic/1E_favorite query:أول لقاح للفيروس التاجي #كوفيد_19 تم اختباره على البشر حقق نتائج إيجابية ، حيث أظهر عدد قليل من الأشخاص الذين تم اختبارهم مناعة ضد الفيروس #لقاح First COVID-19 Vaccine Tested on Humans Shows Early Promise https://t.co/HMjCFOaMLD via @Medscape 	 3
arabic/1E_favorite query:(الصحة): الدفعة السابعة من لقاح (فايزر- بيونتيك) المضاد ل(كورونا) تصل البلاد بداية الأسبوع المقبل https://t.co/Dso3yky3kr #كونا #الكويت 	 9
arabic/1E_favorite query:هل تحولت قطر من ناقل للمليشيات والأسلحة والأموال للارهابيين إلى ناقل للأوبئة؟  عدة صحف تتحدث ان الطائرة القطرية ليست للشحن كما تدعي قطر  وليست لنقل الاسلحة والمليشيات كما توقعنا وتعودنا  بل تطور الامر واصبحت تنقل المرضى الذين عجزت مستشفيات ايران عن استيعابهم الى لبنان.   #كورونا https://t.co/EgzdrFZ0IX 	 171
arabic/1E_favorite query:تونس تعلن الشروع في تطوير لقاح ضد فيروس كورونا المستجد | الفريق يملك تجربة سابقة في تطوير لقاح ضد داء الكلب باستعمال تكنولوجيا تلقيح الحمض النووي https://t.co/cdnCWM594r #جريدة_الآن https://t.co/wfvo91sAoW 	 1
arabic/1E_favorite query:#ترمب: «الدولة العميقة» تعيق التوصل إلى لقاح فيروس #كورونا قبل الانتخابات https://t.co/27zOXSZzrY https://t.co/Em4iEDiK0J 	 9
arabic/1E_favorite query:#عاجل: #بوتين يعلن أن ابنته تلقت لقاح #كورونا الروسي الجديد 	 124
arabic/1E_favorite query:جامعة أوكسفورد البريطانية بدأت دراسة على 800 شخص لاختبار إمكانية المزج بين لقاحات ضد #كورونا https://t.co/Hd44vuEIDC #العربية 	 23
arabic/1E_favorite query:الاستشارية في التخدير والعناية المركزة د.منار مراد: 6 لقاحات ضد #كورونا مرت إلى الطور الثالث و20 آخرين في الأول والثاني https://t.co/7O19lO9ZHR 	 33
arabic/1E_favorite query:#الصين تمنح أول براءة اختراع عن #لقاح لفيروس #كورونا https://t.co/C1LTZ4EY71 https://t.co/JO3V3xz878 	 12
arabic/1E_favorite query:فال الرئيس الأميركي دونالد #ترامب إنه من الممكن أن يتوفر لقاح لفيروس #كورونا فى الولايات المتحدة "قبل موعد الانتخابات الرئاسية"، المقرر إجراؤها فى الثالث من نوفمبر المقبل. وردا على سؤال يقول "أقرب من الثالث من نوفمبر؟"، قال الرئيس الأميركي: "أعتقد في بعض الحالات.. نعم يمكن قبله. https://t.co/p3NtF3c2eQ 	 17
arabic/1E_favorite query:يُذكر أن الرئيس الروسي فلاديمير بوتين قد أعلن الأسبوع الماضي عن تطوير أول لقاح في العالم ضد فيروس كورونا الجديد، مضيفاً أن ابنته قد تم تطعيمها بالفعل، وتم الإعلان عن طرحه نهاية أغسطس الجاري. https://t.co/bgAK7BX34I 	 17
arabic/1E_favorite query:#نشرة_الكورونا مع #هزاع_الشرياني 🇨🇳 كمامة بقيمة 1.5 مليون دولار! 🇦🇪 الإمارات ومبادرة عالمية لتدريب الكوادر الطبية 🇸🇦 السعودية ونتائج مبشرة للقاح #كورونا 🇪🇬 حارس مرمى مصري متهم بنشر العدوى لـ21 شخصاً 🇷🇺 روسيا تفرح العالم بإنتاج لقاح جديد 🇳🇿 الفيروس يعود لنيوزلندا #شغف_بالمعرفة https://t.co/87Qc233Ver 	 6
arabic/1E_favorite query:🔴 وزير الصحة: المملكة لن تعتمد أي لقاح لكورونا حتى تتأكد من سلامته ⬇️ . https://t.co/3oXh7GIIYZ . #صحيفة_غراس #فيروس_كورونا https://t.co/lkkYHLyPIg 	 1
arabic/1E_favorite query:لقاح #نوفافاكس ضد #كورونا .. يبشّر بالخير • الشركة تستخدم «العثّة» في إنتاجه https://t.co/Gux7F1YHjQ 	 7
arabic/1E_favorite query:مبروك للبروفسور المغربي الأمريكي #منصف_السلاوي الذي عينه #ترامب رئيسا للفريق المكلف بتطوير لقاح لفيروس #كورونا له سجل علمي حافل بدأ من #فرنسا ثم #بلجيكا(جامعة @ULBruxelles )ثم #أمريكا( جامعة #هارفارد) البروفسور السلاوي عضو ايضا في مجلس أمناء جامعة حمد بن خليفة @HBKU في #قطر https://t.co/etdFtSXWpO 	 2556
arabic/1E_favorite query:كيف يعمل لقاح J&amp;J الذي أجازته FDA منذ أيام؟ شرح مُبسط في مقال جميل من JAMA 👇 https://t.co/0Qsl6hLKMd يعتمد هذا اللقاح على تقنية الناقل الفيروسي adenovirus 26 (غير قادر على التكاثر)، والذي يتم تعديله وراثيا بإضافة الجين المسؤول عن إنتاج البروتين الشوكي S الخاص بفيروس SARS CoV2. https://t.co/voNoTczDVR 	 172
arabic/1E_favorite query:الرعاية المنزلية في المدينة المنورة تقدم لقاح كورونا للمستفيدين المُسجّلين في برنامج الرعاية الصحية المنزلية بلقاح كورونا (كوفيد-19) . هذه الخطوة تأتي استكمالًا للجهود الكبيرة والخطوات الاستباقية التي قامت بها المملكة منذ بداية جائحة كورونا. #المدينة_المنورة #صحة_المدينة https://t.co/Ah2vwn6Kln 	 25
arabic/1E_favorite query:🔴🔴 أخبار عن إعلان شركة Curevac الألمانية نتائج لقاح #كورونا التي تعمل على تطويره في منتصف الشهر القادم، حيث أنها انهت المرحله الأولى من التجارب البشرية. Curevac هي الشركة التي حاول دونالد ترامب شرائها، وتم إقالة رئيسها بعد أنباء عن تسريبات عن اللقاح لدول أخرى. #السعودية https://t.co/xNvLbA7Qhy 	 5
arabic/1E_favorite query:وزارة الصحة الإماراتية تنوه إلى أنه يمكن للمتطوعين في المرحلة الثالثة من تجارب لقاح #كورونا غير النشط استخدام "#تطبيق_الحصن" للتعريف عن أنفسهم طوال فترة البرنامج بدءاً من اليوم السبت بعد تحديث التطبيق #أنت_المسؤول https://t.co/t6X8OYJjMY 	 3
arabic/1E_favorite query:أمير قطر يطلب من الولايات المتحدة ودول أخرى تنفيذ وعودها بالضغط على السعودية لإنهاء المقاطعة وإيجاد حل للأزمة نظير احتضان الدوحة لإتفاق المصالحة بين طالبان وأمريكا. - تعليق: دول العالم أجمع مشغولة بكيفية القضاء على كورونا وإعلام الدوحة مشغول بالسعودية! نسأل الله العافية والسلامة 	 3052
arabic/1E_favorite query:مطالبا بإجراء مزيد من الاختبارات.. وزير الصحة الألماني يشكك في نجاح لقاح #كورونا "الروسي" #العربية https://t.co/KoAMvRIeqs 	 14
arabic/1E_favorite query:وزير أميركي يحدد الأولوية في توفير لقاح #كورونا https://t.co/mU92zH4EUP 	 21
arabic/1E_favorite query:عاجل: روسيا تعلن تسجيل أول لقاح مضاد لفيروس #كورونا في العالم، والرئيس الروسي #فلاديمير_بوتين يقول أنّ ابنته تناولت اللقاح الجديد. 	 44
arabic/1E_favorite query:@alfirm اللقاح الروسي احد اكثر اللقاحات اماناً لأنه بسيط ويستخدم تقنية قديمة باللقاحات هو عبارة عن فيروس البرد مقتول ومضاف له اشواك فيروس كورونا لتتعرف الخلايا على هذة الاشواك وتمنع دخولها الخلية فتكسب مناعه 	 0
arabic/1E_favorite query:#الاردن #روسيا #كورونا وزير الصحة لقناة المملكة: نجري اتصالات مع #موسكو بخصوص لقاح كورونا وإذا ثبت علميا نجاعته سنقوم بشرائه....... 	 1
arabic/1E_favorite query:فيديو 🎥| هيئة الأشغال العامة “#أشغال” تقوم بتنظيف وتعقيم الشوارع في إطار مكافحة انتشار فيروس #كورونا  @AshghalQatar  #نديب_قطر https://t.co/6c3YDJdqvQ 	 325
arabic/1E_favorite query:بشرى..  ولله الحمد والمنة مركز الملك عبدالله العالمي للأبحاث الطبية  توصل إلى لقاح خاص بفيروس #كورونا_الجديد  والنتائج إيجابية بفضل من الله وحده..  وقريبا سيعلن عنه… https://t.co/oki7X4Vds9 	 5076
arabic/1E_favorite query:بتسجيل حالات اليوم أصبحت المملكة تحتل المرتبة ١٣ عالمياً في عدد الاصابات . ومع ذلك تعتبر من أقل الدول في عدد الوفيات ولله الحمد . الوباء لن ينتهي إلا بوجود لقاح فعال . #الحالات_النشطة #كورونا https://t.co/Z1PvXshcJp 	 4
arabic/1E_favorite query:الرئيس الروسي فلاديمير #بوتين يعلن عن تسجيل أول لقاح ضد فيروس #كورونا في العالم | #الخليج_أونلاين #نبض_الخليج https://t.co/5jNBjOLsqr 	 16
arabic/1E_favorite query:أكد الباحث العربي الوحيد المشارك في فريق جامعة أوكسفورد البريطانية -العريقة في إنتاج اللقاحات- على أن الفريق اقترب كثيراً من الإعلان عن لقاح خاص بفيروس #كورونا المستجد، متوقعاً أن يكشف عنه في نهاية سبتمبر/أيلول، وأن يبدأ تصنيعه في أواخر العام الجاري. https://t.co/NuCH9CXjLW 	 4
arabic/1E_favorite query:الحظر الأوروبي بدأ .. #إيطاليا تمنع شحن ربع مليون جرعة من #لقاح_أسترازينيكا إلى #أستراليا، وسيتم إعادة توزيع الكمية المصادرة داخل دول الاتحاد الأوروبي. للمزيد من التفاصيل👈 https://t.co/bCI3NZdEI7 https://t.co/AsNw3KnzN8 	 0
arabic/1E_favorite query:#الأرجنتين و #المكسيك ستتوليان إنتاج اللقاح المستقبلي ضدّ فيروس #كورونا الذي يُطوّره مختبر أسترازينيكا البريطاني- السويدي مع جامعة أكسفورد. https://t.co/soATupVGVr 	 26
arabic/1E_favorite query:ترامب: خلال أسابيع سنعلن عن تحقيق نجاح في لقاح فيروس كورونا 	 108
arabic/1E_favorite query:بوتين يعلن عن تسجيل أول لقاح ضد فيروس كورونا في العالم #روسيا #بوتين #كورونا #RT_Arabic https://t.co/Up28uJpRuc 	 1184
arabic/1E_favorite query:أعلن وزير الصحة الروسي ميخائيل موراشكو اليوم الثلاثاء أنّ إنتاج أول لقاح روسي ضد فيروس كورونا المستجد سيبدأ في موقعين: مركز "غمالي" وشركة "بينوفارم". https://t.co/LjQl7tptO7 	 5
arabic/1E_favorite query:الخبير التنموي ببرنامج التمكين المجتمعي بمحافظة أملج الاستاذ/ محمد أبو قطيش يتلقى الجرعة الاولى من #لقاح_كورونا #شكرا_يا_وطني https://t.co/3qGgbtFH3f 	 7
arabic/1E_favorite query:ترامب يبشّرنا أن فيروس كورونا سينتهي دون لقاح. كيف ولماذا وعلى أي أساس بنى تقديره؟!! لا جواب. كائن يفتي في كل شيء دون أن يرفّ له جفن. عموما.. نتمنى أن يصدق توقعه هذه المرة!!!! 	 722
arabic/1E_favorite query:وزير الصحة الروسي: اللقاح ضد #كورونا جاهز لإجراء الاختبار الثالث. https://t.co/zTHCOY0Jya https://t.co/lFVPEzXKZp 	 27
arabic/1E_favorite query:⚠️ رئيس الوزراء الأسترالي يعلن بأن تطعيم #فيروس_كورونا سيكون إلزامياً لجميع الأستراليين فور توفره، وسيكون اختيارياً لمن لديهم إعفاء من الجهات الصحية. https://t.co/FESrmUbJ33 	 7
arabic/1E_favorite query:بعد كشف #روسيا عن لقاح #كورونا الخاص بها.. وزير الطاقة الروسي يصاب بالفيروس https://t.co/0sEKv7VeS3 	 39
arabic/1E_favorite query:ابنة الرئيس الروسي تأخذ لقاح #كورونا الذي أثبت فعاليته حسب كلام الروس. https://t.co/dPE84YblVw 	 0
arabic/1E_favorite query:استقالة كبير أطباء الجهاز التنفسي البروفيسور ألكسندر تشوتشالين من "مجلس الأخلاقيات" بوزارة الصحة الروسية بعد شن هجوم شرس على عقار “Sputnik V” الجديد بسبب بالانتهاكات الجسيمة لأخلاقيات مهنة الطب وللأضرار الجسيمة التي يُلحقها هذا اللقاح بصحة المواطنين ، https://t.co/eTRatYScHS 	 22
arabic/1E_favorite query:الإمارات أعلنت منذ قليل عن حالتي وفاة بفيروس #كورونا بعد الإعلان غرد وزير الصحة الكويتي د.باسل الصباح بـ (أستحلفكم بالله البقاء في منازلكم) ثم غرد وزير الصحة السعودي توفيق الربيعة بـ (هام، ساهم في أمن بلدنا الصحي بالجلوس في بيتك) - لا أظنها رسائل توعوية روتينية - 	 4145
arabic/1E_favorite query:15 ألف متطوع يقبلون على تجارب لقاح #كورونا بالإمارات https://t.co/iFmlvvPx1N 	 11
arabic/1E_favorite query:#عاجل | وزارة الصحة الروسية: "لقاح #فيروس_كورونا سيطرح بنهاية الشهر الجاري". #روسيا #اللقاح_الروسي https://t.co/QhLfCZdzoR 	 64
arabic/1E_favorite query:انفو جرافيك يوضح الإشاعات المتداولة حول لقاح فايزر : https://t.co/PcRMMSyXjc 	 8
arabic/1E_favorite query:كوريا الجنوبية تحقق في حالتي وفاة بعد تلقي لقاح أسترازينيكا https://t.co/maZHnMDcp6 	 0
arabic/1E_favorite query:الاتحاد الأوروبي يعتزم شراء 300 مليون جرعة من لقاح محتمل لـ #كورونا للتفاصيل: https://t.co/foTcJcN5B6 #نتصدر_المشهد #Covid_19 https://t.co/9OpBPxaPYo 	 2
arabic/1E_favorite query:روسيا تعد بطرح ملايين من جرعات لقاح مضاد لكوفيد-19 اعتبارا من عام 2021 #News #LBCI #LBCINews https://t.co/e7URWYaTeC 	 8
arabic/1E_favorite query:رئيسة المفوضية الأوروبية تأمل في التوصل إلى لقاح لفيروس #كورونا بنهاية العام الجاري #جريدة_الراية | #لأجل_قطر_كلنا_في_البيت https://t.co/MxUymikQg5 	 0
arabic/1E_favorite query:اللقاح الروسي ضد #كورونا لن يكون متاحا للأطفال في العام الحاليز #روسيا #بوابة_الأخبار https://t.co/v50IfDw3rw 	 2
arabic/1E_favorite query:شركة Inovio Pharmaceuticals الأمريكية، تؤكد حصولها على موافقة هيئة الغذاء والدواء، لبداية تجربة لقاح محتمل لفيروس #كورونا الجديد، لتكون بذلك أول شركة تتلقى الضوء الأخضر من السلطات الرسمية، حيث يتوقع أن تبدأ التجارب على 40 شخصا هذا الأسبوع. العربية https://t.co/baizbqspkN 	 77
arabic/1E_favorite query:مدير المعهد الوطني الأمريكي للأمراض المعدية: العمل جار على إعداد لقاح مضاد لفيروس #كورونا ونتوقع الحصول عليه بعد عام https://t.co/ldKtwHOkkJ 	 56
arabic/1E_favorite query:لقاح محتمل ضد #كورونا وتأجيل إصدار كاميرا "نيكون" الأخبار في قصة بـ #إيجاز https://t.co/FeWLJgz3la 	 204
arabic/1E_favorite query:لقاح شركة Moderna لفيروس #كورونا : - تلقى 45 مشاركا جرعتين من اللقاح - بعد أسبوعين من الجرعة 2 بلغت مستويات الأجسام المضادة نفس المستويات التي شوهدت بشكل عام في عينات الدم من الأشخاص الذين تعافوا من المرض - تتوقع الشركة أن تبدأ المرحلة الثالثة من التجارب في يوليو المصدر: CNBC https://t.co/71hkwrwyMU 	 88
arabic/1E_favorite query:#فيروس_كورونا لماذا تأخر علاج فيروس الكورونا؟ اخر الأخبار تشير أن هناك عدة لقاحات يمكن ان تكون واعدة لعلاج المرض وخاصة لقاح بريطاني له نتائج أولية مبشرة التأخير سببه أن اي دواء يجب أن يجرب على الحيوانات ثم على عدد محدود للبشر قبل أن يستخدم للجميع نتكلم عن شهرين إلى ٦أشهر من الان 	 114
arabic/1E_favorite query:اختصاصي أمراض السكري إيلي حداد: لا يوجد لقاح جاهز لـ #كورونا حتى اليوم.. والإنتاج يحتاج فترة لا تقل عن 6 أشهر بعد انتهاء المرحلة الثالثة من التجارب السريرية #العربية https://t.co/kC3rszzouf 	 21
arabic/1E_favorite query:صحيفة الجريدة/ #بوتين: تسجيل أول لقاح ضد فيروس «#كورونا» في العالم. ابنتي تلقت اللقاح الروسي الجديد. أكد أنه اجتاز جميع الاختبارات اللازمة. - عبر تطبيق نبض @NabdApp https://t.co/xVJE1x1B0I 	 1
arabic/1E_favorite query:وزير الصناعة والتجارة الروسي يقول إن ثلاث شركات روسية ستباشر في شهر سبتمبر المقبل، الإنتاج التجاري لأول لقاح ضد فيروس كورونا /كوفيد-19/ في البلاد. #قنا 	 26
arabic/1E_favorite query:بيل جيتس يتوقع ٧٠٠٠٠٠ ضحية نتيجة لقاح كورونا https://t.co/akt2rojx4Q 	 73
arabic/1E_favorite query:الرئيس الامريكي دونالد ترمب يقول إن منظمة الغذاء والدواء تصعب على الشركات إجراء اختبارات لقاح فيروس #كورونا 	 17
arabic/1E_favorite query:اعتماد اول لقاح للكوفيد فى العالم انتاج روسيا مستخدمين تنقية ناقل الفيروسات #كوفيد_19 #الاخبار_الحلوه #كورونا https://t.co/nCD465aBr1 	 14
arabic/1E_favorite query:@Rawaak الا اذا اخذت اللقاح سنويا مع لقاح الانفلونزا الموسمية 	 0
arabic/1E_favorite query:تخطط روسيا للبدء بطرح لقاح فايروس كورونا لعامة السكان بدءًا من أكتوبر ، على أمل أن تكون أول دولة تبدأ التطعيمات الشاملة ضد فيروس قتل أكثر من 679000 شخص في جميع أنحاء العالم https://t.co/YT6J1P2CQK 	 7
arabic/1E_favorite query:🔴 عاجل | ترامب: لقاح #كورونا قد يتاح في أمريكا قبل نوفمبر https://t.co/jZumc8DoQB 	 0
arabic/1E_favorite query:قد لا يبدو سارا لنا معرفة ذلك.. خبراء يتوقعون التعايش مع موجات فيروس #كورونا حتى العام المقبل أو بعده حال لم يتم التوصل إلى لقاح فعّال عام 2021! فهل نضبط حياتنا على إيقاع الحياة الناقصة؟! #بلومبيرغ https://t.co/akbJ4FrBL5 	 56
arabic/1E_favorite query:🔴وزير الصحة: السلطنة تسعى بالتواصل مع الشركات العالمية المعتمدة للحصول على لقاح #كورونا حال توفره https://t.co/31LExxi3Wt 	 101
arabic/1E_favorite query:صدمة.. #اللقاح المرتقب لـ #فيروس_كورونا لن ينهي الأزمة الصحية لقراءة الخبر كاملاً من خلال الرابط 👇 https://t.co/Ro1jelSVj2 #أورينت https://t.co/2tBFgvdkLq 	 14
arabic/1E_favorite query:الادعاء #زائف ❌ لم يقل وزير الصحة الروسي ميخائيل موراشكو إنّ لقاح فايروس كورونا المستجد في بلاده جاهز للتسويق قبل تاريخ 10 أغسطس/آب 2020، كما لم يبشر بانتهائه. إليك تحقق #مسبار 👇 https://t.co/BBnWykvbPU #لقاح_أكسفورد #كورونا #عاجل 	 3
arabic/1E_favorite query:أول دولة تنتج لقاح #كورونا.. وتوزعه مجانا على سكانها | #كوفيد_19 #Covid_19 #corona https://t.co/96UDlamfwF 	 67
arabic/1E_favorite query:#مع_الحكيم دولة عربية تعلن بدء تطوير لقاح ضد #كورونا💊 💉 أعلنت السلطات الصحية التونسية، شروعها في تطوير لقاح ضد فيروس كورونا المستجد وذلك تزامنا مع عودة تسجيلها إصابات بجنوب البلاد بعد سيطرة نسبية على الوباء... #كوفيد19 #covid19 #corona #كورونا_المستجد https://t.co/N5FZRQAwTj 	 1
arabic/1E_favorite query:روسيا تعلن مناقشة تصدير لقاح فيروس كورونا إلى مصر: بلد واعد جدًا وهام | المصري اليوم https://t.co/Aiz85xJzEt via @AlMasryAlYoum 	 4
arabic/1E_favorite query:الصين تعترف بأنها بدأت منذ أكثر من شهر باستخدام لقاحات قيد الاختبار ضدّ كورونا #الصين #كورونا https://t.co/eVgikErqoe 	 22
arabic/1E_favorite query:#أميركا تحجز 100 مليون جرعة من لقاح #كورونا للتفاصيل: https://t.co/dDw6fZSYvx #نتصدر_المشهد #COVID19 https://t.co/t0cZpxAB52 	 12
arabic/1E_favorite query:✅ الصحة الروسية: إنتاج أول لقاح روسي ضد كورونا سيبدأ في موقعي مركز "غمالي" وشركة "بينوفارم" الشهر المقبل. ✅ الإنتاج التجاري سيبدأ في سبتمبر ✅ 20 دولة طلبت مليار جرعة لحد الآن #coronavirus #CoronaVaccine 	 51
arabic/1E_favorite query:تقترب الجهات الصحية المصرية من مراحل التجارب السريرية وهي الأخيرة قبل إقرار لقاح لفيروس #كورونا https://t.co/gNkxcwd8tq 	 58
arabic/1E_favorite query:الرئيس الأمريكي: نعمل على الحصول على لقاح مناسب ضد فيروس كورونا بسرعة وسلامة، وسنصل إلى ذلك قبل نهاية العام الجاري، وسنبدأ بإنتاجه بكميات كبيرة ووافرة لتوزيعه على نطاق واسع بعد الحصول على الموافقات الطبية اللازمة لذلك. https://t.co/RkD3ySVTVy 	 155
arabic/1E_favorite query:WHO: اللقاح وحده لن ينهي #كورونا #عكاظ #ان_تكون_اولا #تطبيق_عكاظ @WHO https://t.co/ODaUJBhRRj 	 4
arabic/1E_favorite query:عاجل 🔵🔵🔵 رويترز تقول : مسؤول أمريكي يتهم هاكرز مدعومين من الصين شركة دواء امريكية تطور لقاح #كورونا معقول 🤔 حتى اللقاح ولم ينتهي منه ويتم محاولة أخذ أبحاث بطرق غير مشروعة خبر مثل هذا سوف يفتح ملفات قديمة بحقوق ملكية لشركات امريكية اخرى 	 117
arabic/1E_favorite query:ذكرت #منظمة_الصحة_العالمية أن مبادرة تقودها الأمم المتحدة للإسراع من تطوير لقاحات وأدوية لعلاج مرض #كوفيد_19 الذي يسببه #كورونا تواجه فجوة تمويلية واسعة @WHO #COVID19 https://t.co/pxp5n9mIaY 	 19
arabic/1E_favorite query:أميركا واليابان وبريطانيا والاتحاد الأوروبي أبرمت صفقات الحصول على اللقاح لمواطنيها.. الصحة العالمية قلقة من عدم وصول لقاح #كورونا للدول الفقيرة #العربية https://t.co/4VHeZDIJLS 	 26
arabic/1E_favorite query:#أمريكا تتوقّع التوصل إلى لقاح ناجح ضد #كوفيد_19 قبل نهاية 2020 #عكاظ #ان_تكون_اولا #تطبيق_عكاظ #كورونا #corona https://t.co/4Iymw2hUR8 	 9
arabic/1E_favorite query:اخر اخبار لقاحات فايرس كورونا: •تتم حاليا تجربة اكثر من ١٤٠ لقاح حول العالم. •منهم ١٠ لقاحات فقط وصلوا لمرحلة التجارب السريريه. • المده الطبيعيه لتوفر اي لقاح للطرح في الاسواق هو سنه الى سنتين • منظمة الغذاء والدوام الامريكيه تشترط في اللقاح فعاليته في ٥٠٪ من المرضى قبل https://t.co/QEOJKnfhmi 	 6
arabic/1E_favorite query:عاجل 🔴 . . وزارة الصحة الروسية: اللقاح الروسي ضد فيروس كورونا المستجد؛ دخل مرحلة الاختبارات النهائية، ومن المتوقع تسجيله رسمياً الأسبوع المقبل. (انترفاكس) . . روسيا 	 595
arabic/1E_favorite query:#مع_الحكيم دراسة: قد يختلف تأثير لقاحات #كورونا بين الرجال والنساء كشف باحثون من جامعة "ييل" أن الرجال والنساء قد يحتاجون إلى أنواع منفصلة من اللقاحات والعلاجات بسبب الطرق المختلفة التي يؤثر بها الفيروس على الجسم... #كوفيد19 #covid19 #corona #كورونا_المستجد https://t.co/yxcFn4NyDm 	 1
arabic/1E_favorite query:مؤسسة بيل غيتس تتبرع بنحو 150 مليون دولار لمعهد الأمصال الهندي لتوفير لقاح #كوفيد19 للدول الفقيرة للحد من تأثير تداعيات الوباء على العالم https://t.co/svAttkIb0n 	 8
arabic/1E_favorite query:استقبال المتطوعين للمرحلة الثالثة من التجارب السريرية على لقاح فيروس كورونا من خلال التوجه المباشر إلى مركز المعارض من 8 صباحاً حتى 8 مساءً .. يمكن المشاركة لمن تزيد أعمارهم عن الـ 18 عامًا #نواصل_بعزم #كلنا_فريق_البحرين https://t.co/8ObzAXMPqo 	 2
arabic/1E_favorite query:شركة صينية تحصل على موافقة لتجريب المرحلة الثالثة من لقاح كورونا في الإمارات #الصين #الامارات #كورونا #وباء https://t.co/Wsf9cnmzpe 	 5
arabic/1E_favorite query:أول دولة تحصل على لقاح كورونا وتوزعه على سكانها مجاناً https://t.co/M52E8ADhMt #كورونا https://t.co/5b2nt9ziGt 	 4
arabic/1E_favorite query:في أول مقابلة تلفزيونية له منذ توليه منصبه في مايو الماضي.. #منصف_السلاوي لـCNN: أتوقع توفر لقاح #كورونا نهاية 2020 وفعاليته قد تصل إلى 90% https://t.co/WANzYNvP1S 	 42
arabic/1E_favorite query:#عاجل | نائب رئيس الوزراء الروسي : العاملون في القطاع الطبي هم أول المستفيدين من اللقاح ضد فيروس #كورونا في العالم 	 12
arabic/1E_favorite query:#فيتو | منحة من #الصين.. الجامعة العربية تتسلم لقاحات #كورونا https://t.co/48c29mqvOW 	 1
arabic/1E_favorite query:بالفيديو… ابنة بوتين تتلقى لقاح #كورونا الروسي و20 دولة طلبت شراءه https://t.co/tWR6kBspXH https://t.co/iW7PPJZ4MG 	 7
arabic/1E_favorite query:مفاجأة سارة.. لقاح «كورونا» المصري! https://t.co/MyavFUzWTd 	 1013
arabic/1E_favorite query:الهيئة نت| صحيفة (باي لاين تايمز) البريطانية: السلطات الصينية تستخدم أقلية (الأويغور) المسلمين لإجراء تجارب لقاح فيروس كورونا عليهم، والوضع في تركستان الشرقية أسوأ بكثير مما يتم الإفصاح عنه؛ إذ بات الموت في كل مكان. للاشتراك في قناة الهيئة: ⁦ https://t.co/msRkDVlpgE⁩ https://t.co/iMJchnO4EU 	 54
arabic/1E_favorite query:قبل بداية التجارب الإكلينيكية (التغريدة المقتبسة) استضاف برنامج مارMarr البروفيسورة سارا جيلبيرت قائدة فريق تطعيم 💉AZD1222💉 عملت سابقا على تطوير لقاح ضد ميرس كورونا🐪 ⚠️وتطرقت لأهمية التطعيم مقارنة بالمناعة المكتسبة من عدوى كورونا اللقاء كامل👇 https://t.co/f4KJr9OBA5 https://t.co/1R8IuKAn5A https://t.co/KShiWgQYrV 	 24
arabic/1E_favorite query:@hadiatwatan @abdu11ahtv @kfmrc_official @kauweb @kau_media @siau_sa #هدية_وطن #بهؤلاء_نفتخر_ونفاخر #ماذا_تعرف_عن_المخترعين العلماء السعوديين بمركز الملك فهد للبحوث الطبية بالجامعة، تمكنوا من عزل فيروس كورونا المستجد؛ تمهيدًا لتطوير لقاح له. #كورونا_مشكله_وحل https://t.co/eY2hbay7tw 	 12
arabic/1E_favorite query:أعلنت روسيا عن أول لقاح في العالم ضد فايروس كورونا Covid-19 حيث قام الرئيس الروسي بيوتين بالموافقة على لقاح أنتجه معهد Gamaleya Research Institute of Epidemiology and Microbiology في موسكو بعد تجارب قصيرة و التجارب أظهرت أنه آمن وفعال ويشكل مناعة طويلة الأمد ضد الفايروس 	 5
arabic/1E_favorite query:قال أنتوني فوسي ، كبير الخبراء الوطنيين في مجال الأمراض المعدية في الولايات المتحدة ، إن لديه شكوكًا جدية بشأن ادعاء روسيا أن لديها لقاحًا جاهزًا للاستخدام في مكافحة COVID-19. قال ذلك في لقاء ناشيونال جيوغرافيك: "إن الحصول على لقاح وإثبات أن اللقاح آمن وفعال هما شيئان مختلفان" 	 6
arabic/1E_favorite query:طارق المزرم : وزارة الصحة تتواصل وتتابع مع جميع الجهات الدولية ومنظمة الصحة العالمية بشأن آخر تطورات لقاح مضاد لـ #فيروس_كورونا https://t.co/0Iffqyc4YK 	 0
arabic/1E_favorite query:أظهرت دراسة تمت أن المصابين بفيروس كورونا لديهم انخفاض حاد في مستويات الأجسام المضادة في غضون شهرين إلى ثلاثة أشهر من الإصابة، المعنى حتى لو وجدوا لقاح لن ينفع معه الا مؤقتاً هذا إن وجدوا الخلاصة_____ هذا فيروس اتى ليبقى حتى تكـ سـ رر رؤوس تجبرت بغيرت الحق. والله أعلم 	 15
arabic/1E_favorite query:#ترمب الوقح عرض مليار دولار على #ألمانيا لشراء حقوق ملكية لقاح ألماني ضد فيروس #كورونا على أن يقتصر استغلاله في أمريكا فقط؛ فجاءه الرد الغاضب من وزير الاقتصاد الألماني قائلا: "ألمانيا ليست للبيع". 	 264
arabic/1E_favorite query:#ترامب يتهم هيئة الدواء الأمريكية بتعمد تأخير لقاح #كورونا . #بوابة_الأخبار https://t.co/yfzdKdIdXL 	 0
arabic/1E_favorite query:#مع_الحكيم علماء صينيون يتوقعون نجاح #لقاح ضد #فيروس_كورونا - أعلنت الصين عن توفيره نهاية العام بنسبة 99% - وكيف نجحت #تركيا في الحد من انتشار الوباء؟ مع د. أيهم أبوليلة.. استشاري علم الميكروبيولوجي و الفيروسات - إسطنبول https://t.co/BeN3G9XBRV 	 54
arabic/1E_favorite query:سيكون اللقاح بالحقن العضلي وبجرعتين على دفعتين.. تعرف على تفاصيل أكثر عن كيفية استخدام اللقاح الروسي "سبوتنك في" للتحصين ضد فيروس #كورونا #العربية https://t.co/Fh8GsAUrRJ 	 47
arabic/1E_favorite query:وزير الصحة الإماراتي يبحث مع نظيره الإسرائيلي هاتفيا التعاون بشأن لقاح لـ #كورونا #عكاظ #ان_تكون_اولا #تطبيق_عكاظ #الامارات #اسرائيل https://t.co/VD55AtKbWM 	 6
arabic/1E_favorite query:وسط تشكيك في سلامته.. #روسيا تعلن أول لقاح لـ #كورونا #بوتين #covid_19 https://t.co/wevKohmQzs 	 66
arabic/1E_favorite query:يقال أن غسل الأيدي بشكل متكرر هو سبيل الوقاية الأبرز من فيروس #كورونا.  ماذا يفعل أكثر من نصف الشعب اليمني، الذي يفتقر الوصول للمياه الآمنة؟  اليوم علينا جميعاً وأكثر من أي وقت مضى أن نحافظ على كل قطرة ماء.   #اليوم_العالمي_للمياه 	 594
arabic/1E_favorite query:الملياردير البرازيلي ليمان يقود مبادرة لإنشاء مصنع لإنتاج لقاح لكوفيد-19 https://t.co/ZiZyc0ekZu #COVID19 	 5
arabic/1E_favorite query:عاجل… روسيا تسجل أول #لقاح مضاد لـ #كورونا في #العالم https://t.co/mHkMFyGfmo #أخبار_الوئام 	 2
arabic/1E_favorite query:#مع_الحكيم فاوتشي: التعجيل باستخدام لقاح قد يؤثر على باقي التجارب حذر كبير خبراء الأمراض المعدية في الولايات المتحدة الدكتور "أنتوني فاوتشي"من مغبة التعجيل بالاستخدام الطارئ للقاح ضد كورونا قبل ثبوت أنه آمن وفعال... #كوفيد19 #covid19 #corona #كورونا_المستجد https://t.co/zR37FDhEWo 	 2
arabic/1E_favorite query:@mqasem اوردنا لك راي خبراء اللقاحات في المؤتمر سلامة اللقاحات المنعقد في جنيف ٢٠١٩ باشراف #منظمة_الصحة_العالمية واضراره المميته والمهلكه لم تتبع راي المختصين ومازلت مؤيدا اللقاح #نرفض_اللقاح_الإجباري ومع هذ نعيده للفائده ولعل وعسى تتبع راي المختصين https://t.co/ngW0yrkO0E 	 11
arabic/1E_favorite query:#وزير_الصحه: سنوفر لقاحات #كورونا في الصيدليات المجتمعية مجانًا. https://t.co/SUB7k0kP9G 	 79
arabic/1E_favorite query:#روسيا بوتين فلاديمير يعلن رسمياً عن تسجيل #سبوتنيك_5 كـ أول لقاح في العالم مضاد لفيروس #كورونا https://t.co/VShAszoIWh 	 0
arabic/1E_favorite query:#الصحة_السعودية اللقاح ضد #فيروس_كورونا : المراحل الأولية أظهرت فاعلية عالية للقاح مع ظهور أجسام مضادة للفيروس ببلازما المتطوعين https://t.co/2OeZvSownG 	 4
arabic/1E_favorite query:وزير الصحة الألماني ينس سباهن يفجر قنبلة يبدد فيها الآمال بشأن القضاء قريبا على #فيروس_كورونا_المستجدّ ويقول"إن التوصل إلى لقاح ضد #فيروس_كورونا قد يستغرق سنوات والفشل وارد" https://t.co/kH06bg16DG 	 362
arabic/1E_favorite query:إعفاء متطوعي تجارب لقاح "كوفيد-19" من أي فحوصات خارج نطاق برنامج التجارب للتفاصيل: https://t.co/50Ou5B80nl #نتصدر_المشهد #انت_مسؤول #COVID19 https://t.co/XcxponBSCq 	 6
arabic/1E_favorite query:الرئيس الروسي فلاديمير بوتين يعلن تسجيل أول لقاح روسي ضد فايروس كورونا في العالم #كورونا https://t.co/91G0o3VuIZ 	 70
arabic/1E_favorite query:ثلاث شركات روسية ستبدأ خلال الشهر المقبل، الإنتاج التجاري لأول لقاح ضد فيروس ⁧#كورونا⁩ . https://t.co/aA1Zrtxwsr 	 32
arabic/1E_favorite query:سباق عالمي لتطوير لقاحات ضد فيروس كورونا في ظل تراجع الاقتصادات وتزايد الإصابات https://t.co/KTNKpPd13Z https://t.co/o2mIOTb8bM 	 54
arabic/1E_favorite query:الدكتور فاوتشي في جلسة الاستماع امام مجلس النواب يذكر إنه "*متفائل بحذر*" بأن اللقاح سيكون متاحًا في عام (٢٠٢١)ولكن على الرغم من ذلك ، لا يعتقد "أن الجميع سيكون قادرًا على الحصول عليه في الحال.،ومن المحتمل أن يكون ذلك على مراحل في ". https://t.co/YM8K361OsD 	 2
arabic/1E_favorite query:🛑 روسيا تعلن رسمياً بأن لقاح فيروس كورونا الذي بدأت إنتاجه سيطرح بنهاية الشهر الحالي. https://t.co/geDE380tDo 	 57
arabic/1E_favorite query:مدير معهد باستور: نطوّر لقاحا مضادا لكورونا بموارد محدودة #معهد_باستور #فيروس_كورونا https://t.co/PkiFWcyQTf 	 6
arabic/1E_favorite query:#الصحة_العالمية: نعمل لضمان لقاح فعال بنسبة 50% على الأقل.. وفتح الاقتصادات قبل السيطرة على #كورونا قد يسبب كارثة https://t.co/Mi8VzlJgfC #العربية 	 14
arabic/1E_favorite query:موسكو عرضت على واشنطن التعاون لإنتاج لقاح #كورونا..والرد صادم | #كوفيد_19 #Covid_19 #corona https://t.co/m85MlP4v0C 	 25
arabic/1E_favorite query:#نشرة_الرابعة | وزير الصحة السعودي لـ #العربية : لقاحات كورونا ستكون متاحة عبر الصيدليات مجانا https://t.co/mfdNfv5Da7 	 144
arabic/1E_favorite query:العقود الآجلة للمؤشرات الأميركية تزيد من مكاسبها بعد الكشف عن نتائج مبشرة بشأن لقاح لـ #كورونا و #الداو_جونز يفتتح على ارتفاع بنحو 3% https://t.co/06Vp9VyzwZ 	 20
arabic/1E_favorite query:أخطاء مؤثرة في لقاح #كورونا الروسي تدفع كبير أطباء الجهاز التنفسي للاستقالة #روسيا https://t.co/oeRhjpVgCd 	 26
arabic/1E_favorite query:#ألمانيا تصدم العالم بتعليق عن اللقاح الروسي لـ “كورونا”: من الخطير إعطاؤه للملايين! ويبقى لقاح #كورونا التحدِ الأخطر! https://t.co/6Nqc3CnBme #الصحة #الغذاء_والدواء #COVID19 https://t.co/L9LELM9eHE 	 0
arabic/1E_favorite query:#الصحة_العالمية : 132 لقاحا لـ #كورونا فى مرحلة التقييم ونضمن التوزيع العادل للقاح 	 1
arabic/1E_favorite query:اول لقاح في العالم لفيروس #كورونا ، وإن شاء الله مع بدأ التلقيح ترجع حياتنا لطبيعتها بإذن الله #CovidVaccine #коронавирус #Россия ❤️ https://t.co/kQdHhwU1qJ 	 29
arabic/1E_favorite query:🔴🔴 #لقاح_كورونا🔴🔴 #روسيا تبدأ اختبار اللقاح التجريبي ضد #كورونا على الأطفال بداية العام المقبل https://t.co/n36z41rOPz https://t.co/OtLIAGwGsA 	 43
arabic/1E_favorite query:دكتور/ بولاند من مايوكلينك وخبير أبحاث التحصينات يدعو إلى أخذ تطعيم الانفلونزا الموسمية هذه السنة قبل وقته المعتاد بسبب #كورونا فالأعراض تتشابه!! ينصح بأخذه في سبتمبر وليس نوفمبر أو ديسيمبر #وزارة_الصحة #كوفيد_19 https://t.co/MD50PeRpu4 	 4
arabic/1E_favorite query:فيديو | أعلن الرئيس الروسي، بوتين، اليوم الثلاثاء، عن تسجيل أول لقاح ضد فيروس كورونا في العالم . https://t.co/GoWm7fMkb7 	 13
arabic/1E_favorite query:3 لقاحات مرشحة من 3 شركات تتحرك بسرعة.. إليك كل ما قد تحتاج معرفته حول اللقاحات الأمريكية ضد فيروس #كورونا https://t.co/YjpAYuwphQ 	 46
arabic/1E_favorite query:#كورونا #الاخبار_الحلوه أمريكا تصّرح بأنها مارح تستخدم #اللقاح_الروسي أو أي لقاح يصدر من روسيا والصين لأنه بدون تجارب علمية 😏 يعني #روسيا أعلنوا عنه من دون تجارب الناس هم بيكونو فيران التجارب وكل واحد هو وحضه🌚 وكل منهم يلعب لعبته وفي ناس باقي مصدقين المصخرة الي قاعدة تصير https://t.co/zCnTKoFOqP 	 1
arabic/1E_favorite query:الصحة الروسية: العاملون في القطاع الصحي أول من سيحصل على اللقاح https://t.co/UIHfRGRAdZ #COVID19 #coronavirus https://t.co/oMgdtvXrh9 	 13
arabic/1E_favorite query:اخر اخبار لقاحات فايرس كورونا: •تتم حاليا تجربة اكثر من ١٤٠ لقاح حول العالم. •منهم ١٠ لقاحات فقط وصلوا لمرحلة التجارب السريريه. • المده الطبيعيه لتوفر اي لقاح للطرح في الاسواق هو سنه الى سنتين • منظمة الغذاء والدوام الامريكيه تشترط في اللقاح فعاليته في ٥٠٪ من المرضى قبل https://t.co/QEOJKnfhmi 	 6
arabic/1E_favorite query:في تصريح لصحيفة فاينانشيال تايمز، قال رئيس هيئة سلامة الدواء والغذاء الأمريكية (FDA): أنه مستعد لتجاوز القواعد المتعارف عليها والسماح بترخيص لقاح كورونا قبل اكتمال المرحلة الثالثة من التجارب السريرية!! للأسف السياسة في طريقها لإفساد كل شيئ، والهيئة تفقد مصداقيتها وجميعنا خاسرون!! https://t.co/j19vWsAWH6 	 156
arabic/1E_favorite query:🔴🔴 أعزّائي: منذ بداية جائحة #كورونا هناك لقاحين فقط وصلوا المرحلة الأخيرة والحاسمة، أحدهم فشل (لقاح الماني-بريطاني) والآخر بوادره تبشّر بالخير (لقاح الماني-أمريكي) والأخبار في المانيا مبشّره لحد الآن‼️ تأملوا بالله خيراً، وبإذن الله ستسمعون ما يسرّكم 🌹 #السعودية 	 88
arabic/1E_favorite query:أعلن الرئيس الروسي فلاديمير بوتين اليوم الثلاثاء أن بلاده سجلت أول لقاح في العالم يوفر مناعة مستدامة ضد فيروس كورونا والذي طوره معهد غماليا في موسكو، الجرعة الأولى من اللقاح تلقتها ابنته #مساء #التفاؤل يارب🙏🏻😢🌏 https://t.co/Y7CAzbNglh 	 31
arabic/1E_favorite query:لا يوجد قطري واحد يصدق بأن طائرة الشحن القطرية طارت من طهران إلى حزباله في لبنان طلعت فاضية ،، ،، ماحد تكلم عن الخرفان اللي شلتوها من بيروت للدوحة علشان تغطون على خط سير طهران بيروت ،، امريكا سامحة لكم اوك بس لا تستغفلون الشعب اللبناني بشحن كورونا لهم ولا تستغفلون الشعب القطري 	 200
arabic/1E_favorite query:حصل آلاف المتطوعين بالفعل على جرعتهم الثانية من اللقاح وسيستمرون في الخضوع للفحوص الطبية والإشراف المنتظم، إلى جانب تلقي الدعم الكامل من الخدمات الصحية في سبيل التأكد من تمتعهم بالصحة والعافية #بوبساي #العلوم_للعموم #كورونا #الإمارات https://t.co/tQofI3A5I1 	 2
arabic/1E_favorite query:إصابة عمالة آسيوية وأفريقية في قطر بـ #كورونا منذ أسابيع ونقلوا العدوى لآخرين #العربية_عاجل https://t.co/a1vIGVFnOW 	 286
arabic/1E_favorite query:3- انتظروا في نهاية هذا العام انتشار فيروس جنسي سيقطي على عدد كبير من البشر والحقيقية هو مزروع في لقاح كورونا واللقاحات التي تعطى للنساء الحوامل وقد حذرت لذا ارجوا ان تستفيقوا وتعلموا ان اللقاحات ليست صحية بتاتا وقد وضحتها على صفحات حسابي لمن اراد ان يطلع عليها اللهم هل بلغت. 	 20
arabic/1E_favorite query:#مصر.. الإعلان عن بدء التجارب السريرية على #لقاح وطني ضد #كورونا #كورونا_مصر #فيروس_كورونا #كوفيد_19 #بوابة_الأخبار https://t.co/LaQc6xzxCH 	 1
arabic/1E_favorite query:الاتحاد الأوروبي يعبّر عن تفاؤله بإيجاد لقاح لفيروس #كورونا قبل نهاية العام الحالي، إذ قالت مسؤولة أوروبية إن هناك مؤشرات جيدة لذلك، مضيفة: "قد لا يحل اللقاح جميع المشاكل، لكن على الأقل يمكننا إعطاء اللقاح للفئات الأكثر تضرراً من الفيروس" 	 2
arabic/1E_favorite query:#اضواء_الوطن | ترمب: سنعلن قريبا عن لقاح ضد #كورونا 	 5
arabic/1E_favorite query:#روسيا و #قطر تتعاونان في تطوير لقاح ضد #كورونا https://t.co/4uwkiugvKe 	 0
arabic/1E_favorite query:#منظمة_الصحة_العالمية: لا نستطيع تقييم اللقاح الروسي ضد #كورونا بسبب نقص المعلومات. #عكاظ #ان_تكون_اولا #تطبيق_عكاظ https://t.co/VD55AtKbWM https://t.co/BdwyXu7tKx 	 2
arabic/1E_favorite query:#روسيا: تجربة اللقاح المكتشف أظهرت أن المناعة ضد فيروس كورونا المستجد، تستمر لعامين. المصدر: العربية #الرؤية_بلا_حدود https://t.co/zbkGzcLu2n 	 16
arabic/1E_favorite query:تقول شركة AstraZeneca أنها حصلت على بيانات جيدة بخصوص لقاحها الذي تطوره مع جامعة Oxford 🇬🇧 اللقاح في المرحلة الاولى والثانية اظهر زيادة عالية جدا في الاجسام المضادة لدى المتطوعين، وذلك بعد مرور شهر من اعطائهم اللقاح (اللقاح في المرحلة النهائية 3/3) https://t.co/KvH1rGVczG 	 12
arabic/1E_favorite query:موسكو تنفي اتهامها بمحاولة سرقة أبحاث كورونا #لقاح #روسيا #بريطانيا #كورونا @elaph https://t.co/kx6MACQTFQ 	 2
arabic/1E_favorite query:علماء من بريطانيا يقولون انهم يعملون على لقاح جديد لفايروس #كورونا سيكون جاهز للاستخدام البشري بحلول سبتمبر القادم بدلاً من بداية 2021 https://t.co/vmKDn5ad2J 	 42
arabic/1E_favorite query:@ibrahim_3_saudi @bedaiwi2005 @AldawaaCare كمان لقاح فايزر خد موافقه للتخزين في درجات حرارة اعلى https://t.co/Lo7izr4oT2 	 0
arabic/1E_favorite query:#الامارات تتنتج لقاح #كورونا وتطور علاج لمرضي الاورام الخبيثة بعمليات زراعة النخاع العظمي في مركز #ابوظبي للخلايا الجذعية وتحقق تقدم كبير في علاج المرضي الحمدلله علي نعمة #الامارات #ADSCC https://t.co/FrcaTou7p2 	 2
arabic/1E_favorite query:وزير الاتصالات يقول لكم: 16 خدمة بريدية في خدمتكم… 12 تطبيق توصيل يساعدكم… لن ينقصكم شيء مع هذه الخدمات والتطبيقات… أبقى آمناً في منزلك… والتطبيقات تخدمك👌 #امر_ملكي 	 265
arabic/1E_favorite query:#عاجل| #بوتين يعلن تسجيل أول لقاح لعلاج فيروس #كورونا في العالم https://t.co/4XNF4X6Fqf 	 77
arabic/1E_favorite query:وتؤكد الوزارة بأنه لن يُسمح لأي موظف الدخول إلى المدرسة إلا بعد التأكد من: •وجود الإطار الذهبي وختم اللقاح عند إبراز الحالة الصحية في تطبيق احتراز •أو إبراز بطاقة تطعيم كورونا •أو إحضار ما يثبت قيام الموظف بعمل فحص كوفيد-19 بشكل أسبوعي وسيتم العمل ابتداء من 21 مارس الجاري 	 22
arabic/1E_favorite query:حقق المناعة لنفسك بأخذ ملعقة من الخلطةيومياًعلى الريق 🍯 مكونات الخلطة:{كيلوعسل سدر بلدي+حبيبات لقاح+غذاء ملكات النحل+طلح نخيل} فوائدالخلطة:ترفع المناعة وتقوي الذاكرة مقوي عام للجسم تعطي كثافة في الحيوانات المنوية والاخصاب للطلب اضغط عالرابط https://t.co/8laBkquCAe https://t.co/wU8ybPzfFt 	 24
arabic/1E_favorite query:#الإمارات.. إقبال كثيف على تجارب لقاح #كورونا المحتمل #سكاي_أخبار https://t.co/n4YtDssG1R 	 38
arabic/1E_favorite query:#عاجل | نائب رئيس الوزراء الروسي : العاملون في القطاع الطبي هم أول المستفيدين من اللقاح ضد فيروس #كورونا في العالم 	 12
arabic/1E_favorite query:الأرجنتين تنضم إلى #المغرب و #الإمارات وبيرو في تجربة لقاح صيني مضاد لكورونا https://t.co/5Hs8ZAH6yX #COVID19 	 8
arabic/1E_favorite query:#الشبيبة| الصحة العالمية تعلق على أول لقاح روسي لـ #كورونا https://t.co/zRCndRMe2A 	 14
arabic/1E_favorite query:#عاجل: #ترامب: • الحاجة ملحة لفتح الاقتصاد الأمريكي والحياة بشكل عام • كان يمكن إيقاف الوباء منذ البداية لكن #منظمة_الصحة_العالمية و #الصين لم تقدما المساعدة • هناك تقدم كبير فيما يتعلق بإنتاج لقاح لـ #كورونا لكن لانعلم موعد ظهوره • لن نسمح بأي خسارة لقطاع النفط في #أمريكا 	 2
arabic/1E_favorite query:عاجل نقلا عن وكالة الأنباء القطرية :  أمير دولة قطر سمو الشيخ تميم بن حمد آل ثاني يوجه بدعم غزة المحاصرة ب ١٥٠ مليون دولار على مدار ستة أشهر لمواجهة تفشي #كورونا ودعم أهلها في ظل الظروف الصعبة التي تعانيها 	 3270
arabic/1E_favorite query:وكالة بلومبرج: #لقاح معطل لمرض فيروس كورونا الجديد (كوفيد-19) طورته شركة سينوفاك للتكنولوجيا الحيوية الصينية المحدودة، قد يكون فعالا في وقف المرض. https://t.co/AaGNCitir0 	 39
arabic/1E_favorite query:منظمة الصحة العالمية: العالم بحاجة إلى حشد 100 مليار دولار لضمان وصول لقاح #كورونا للجميع ـــــــــــــــــــــــــــــــ #قناة_الرافدين https://t.co/p8pv9w9gjC 	 4
arabic/1E_favorite query:رغم دخول بعض تجارب لقاح #كورونا مراحلها الأخيرة.. "الصحة العالمية" تستبعد وجود حل قريب للأزمة وتحذر من موجة ثانية #العربية https://t.co/gbQKUqdsdu 	 28
arabic/1E_favorite query:بوتين يعلن إعتماد أول لقاح ضد #فيروس_كورونا حُقنت به ابنته https://t.co/1tWV0y7tYs 	 3
arabic/1E_favorite query:#الصين تعلن طرح لقاح #كورونا بنهاية شهر ديسمبر القادم #عكاظ #ان_تكون_اولا #تطبيق_عكاظ #corona https://t.co/H0yA6xzw9Y 	 7
arabic/1E_favorite query:المسار | بدء تجارب بشرية على لقاح لـ #كورونا في إندونيسيا الأسبوع المقبل صحيفة المسار #عاجل https://t.co/lC4kbDvhpl 	 9
arabic/1E_favorite query:معد سيرم المملوك لعائلة بوناوالا من الهند يعمل على انتاج بليون جرعة من لقاح #كورونا_المستجد والذي تطوره أسترازنيكا عملاق الصناعات الدوائية حتى قبل أن تظهر نتائج اللقاح في مقامرة من هذا المعهد الخبير باللقاحات ( يقال أن لقاحاته تعطى لنصف أطفال الأرض)!!! https://t.co/m2inYRFeEL 	 8
arabic/1E_favorite query:قمت بترجمة مقطع هو حديث العالم اليوم حول علاج #كورونا، عبارة عن عقار تم استخدامه لعلاج ٤٠ مصاب بالفايروس في فرنسا وكانت نسبة شفاء ١٠٠٪، رسائل الأمل جميلة في هذه الأزمة #ترجمة_لبيب https://t.co/WYflwuXtot 	 5880
arabic/1E_favorite query:اليونان تحصل على لقاح كورونا في ديسمبر #كورونا #اليونان #لقاح_كورونا @elaph https://t.co/aCweUzSNgp 	 3
arabic/1E_favorite query:اليوم في #بي_بي_سي_ترندينغ: #المغرب يتشارك مع #الصين في تطوير لقاح #كورونا وعازف بيانو بين الدمار في #لبنان و#نيمار يقلق عشاقه مرتين، ومواضيع أخرى الساعة 15:00 بتوقيت غرينتش مع @RAttarBBC https://t.co/Wf4AQScWNj 	 46
arabic/1E_favorite query:أعلنت #منظمة_الصحة_العالمية عن إمكانية التوصل إلى لقاح آمن مضاد لفايروس #كورونا وعدد اللقاحات المرشحة 32 لقاحاًوهم قيد التجارب السريريه 🙇🏻‍♀️ https://t.co/dvj6Hdqaqv 	 3
arabic/1E_favorite query:الاتحاد الأوروبي يوافق على على أول صفقة لقاح لكورونا مع AstraZeneca https://t.co/BI8Q1mOyi3 #EU #COVID19 	 29
arabic/1E_favorite query:اللقاح السريع.. 100 مليون جرعة لتنفيذ خطة #ترامب | #كوفيد_19 #Covid_19 #corona #كورونا https://t.co/m7aelJTTSQ 	 43
arabic/1E_favorite query:الرئيس الروسي بوتين يعلن رسمياً إطلاق بلاده لقاح فيروس كورونا وأعلن أنتاج اول لقاح في العالم ضد #فيروس_كورونا سيسجل في #روسيا خلال ايام قليلة. وكشف : اجتاز العلماء الروس مراحل الاختبار واثبتوا سلامة وفعالية الدواء ، وسيعطي الامل ليس لبلدنا فحسب ، بل للعالم اجمع. #العراق https://t.co/NYSdXaxA3J 	 313
arabic/1E_favorite query:منظمة الصحة العالمية: منع احتكار لقاحات #كورونا "ضرورة مُلحّة" https://t.co/b7e3jjcyaZ 	 60
arabic/1E_favorite query:⚠️ روسيا تحضر تشرنوبل جديده ☠️ يتعدى الموضوع التسمية وما تحمله من بروبغندا الى اعلان روسيا ان لديها طلب لمليار جرعة! تخيل مليار شخص يحصلون على لقاح لم ينشر عنه بحث علمي! وتخيل كم من المليار شخص لو التقط العدوى سيكون افضل من الحصول على هذا اللقاح https://t.co/pEyslcYtPl 	 12
arabic/1E_favorite query:عاجل 🔴 . . وزير الصحة الأمريكي يعلن بأن أي لقاح أو علاج تتوصل إليه الولايات المتحدة الأمريكية لمرض فيروس كورونا سيصبح متاحاً أمام بقية العالم فور تلبية احتياجات بلاده. . . أمريكا 	 81
arabic/1E_favorite query:الرئيس الروسي "#فلاديمير_بوتن" يعلن شخصيًا في خبر عاجل عن صدور أول لقاح في العالم ضد فيروس #كورونا. https://t.co/6Hut9QhlMf 	 5
arabic/1E_favorite query:قد يؤدي سباق #روسيا للسماح بالاستخدام المدني للقاح محتمل ضد #فيروس_كورونا قبل اكتمال التجارب السريرية وفقا للمعايير الطبية إلى تعريض حياة الناس للخطر، وبحسب منظمة التجارب السريرية، فإن اللقاح الروسي لم يتم تجربته في الأصل، إلا على أقل من 100 شخص في روسيا.. https://t.co/6ysURu3iea 	 3
arabic/1E_favorite query:يستخدم لقاح سينوفاك في آسيا (الصين، إندونيسيا، أذربيجان، الفلبين، ماليزيا، تايلاند، سنغافورة)؛ أمريكا الجنوبية (البرازيل، شيلي، بوليفيا، كولومبيا، الإكوادور، المكسيك، أوروغواي)؛ أوروبا (تركيا، أوكرانيا، قبرص)؛ إفريقيا (زيمبابوي). وهناك الكثير مستقبلا. 	 23
arabic/1E_favorite query:@sabqorg ما تحتاجون تدخلون الرابط اسمه "سبوتنيك V" على أول لقاح مسجل ضد فيروس كورونا في العالم، نسبة لإطلاق أول قمر صناعي روسي "سبوتنيك" عام 1957، وذلك وفقًا للموقع الرسمي للقاح. 	 34
arabic/1E_favorite query:عاجل..  .  وزارة الداخلية:  من يخالف أمر منع التجول يعاقب بغرامة 10 آلاف ريال وتضاعف في حال التكرار فإن عاد المخالف إلى ارتكاب المخالفة فيعاقب بالسجن لمدة لا تزيد على 20 يوماً.  . #كورونا #السعودية #منع_التجول 	 8557
arabic/1E_favorite query:لقاح #كورونا الذي صنعته شركة #بيونتك الألمانية سيكون متوفرا في الصيدليات الالمانية بدءا من شهر اكتوبر القادم . 	 135
arabic/1E_favorite query:الرئيس الروسي فلاديمير بوتين يعلن تسجيل أول لقاح في العالم مضاد لفيروس #كورونا يذكر ان ترامب من 3 أشهر اعلن هو الاخر عن لقاح للفيروس بعدما تزايدت الحالات فى امريكا فهل روسيا مع وصلولها للمليون مصاب هو ما دفعها للاعلان عن وجود لقاح السياسيين يعتمدوا على ضعف الذاكرة لدينا https://t.co/yXUTJCpMLt 	 15
arabic/1E_favorite query:وهنا بعض الباحثين يجتهدون ويزعمون بأن كورونا SARS-CoV-2 الذي يسبب مرض COVID-19 لن ينتهي أبداً وسيكون النوع الخامس الذي ينتشر بيننا مثل الأنواع الأربعة الأخرى اللقاح سيمنع ظهور عوارض شديدة وعندما يكون نسبة عالية من البشر مصابين ومطعّمين سيتنهي وجوده كوَباء (5/5) 	 2
arabic/1E_favorite query:الرئيس الأميركي دونالد #ترمب يتهم جهات بتأخير اختبارات لقاح #كورونا لما بعد 3 نوفمبر https://t.co/Dv6zEdVgIm #العربية 	 130
arabic/1E_favorite query:🔴 جدول يقارن بين لقاحات #كورونا الموجودة من حيث: ١-السعر ، ٢-الفعالية ، ٣-درجة حرارة التخزين ، ٤-عدد الجرعات حيث حلّ لقاح سبوتنيك-ڤي الروسي 🇷🇺 بالمرتبة الاولى *من الدول التي إعتمدت لقاح سينوفارم الصيني 🇨🇳 في الشرق الأوسط كلقاح أساسي هي الامارات . https://t.co/7SgrhoJ6QX 	 10
arabic/1E_favorite query:وفي مجال توفير اللقاح الخاص بفيروس كورونا تبين انه يوجد تنسيق مستمر للوزارة مع منظمة التحالف العالمي للقاحات والتحصين للحصول على 700 الف جرعة لقاح فيروس كورونا وتسعى السلطنة للمشاركة في تطوير الأبحاث المتعلقة بهذا اللقاح مما سيضمن لها حق الأولوية للحصول عليه فور تصنيعه 	 11
arabic/1E_favorite query:المصنعون أخلوا مسؤوليتهم.. حكومة الأردن: سنعوض من يتضرر جراء لقاح كورونا https://t.co/I1my0TPRFM https://t.co/3nQFkr4PeL 	 0
arabic/1E_favorite query:#عاجل #الشبيبة| روسيا تعلن الانتهاء من تطوير لقاح ضد #كورونا https://t.co/1icPG1ZKjX 	 39
arabic/1E_favorite query:وزير روسي: لقاح ضد #كورونا خلال أيام وسيتم تطعيم الفئات الأكثر تعرضا للمرض من العاملين في المجال الطبي وكبار السن أولاً! https://t.co/ajQzfsl6fp #العربية 	 72
arabic/1E_favorite query:مستشار الأوبئة في الشبكة الشرق أوسطية للصحة المجتمعية عادل البلبيسي: لا نستطبع الحكم على فاعلية لقاح #كورونا الروسي ﻷن المعلومات حوله أولية وقليلة #العربية https://t.co/M1Su6Ea5ss 	 6
arabic/1E_favorite query:مدير أمن #سوهاج يتفقد عملية تطعيم المواطنين بلقاح #كورونا #صدى_البلد #البلد https://t.co/zJBDgNnyRG 	 3
arabic/1E_favorite query:اللهم لك الحمد والشكر 🙏🏻 #المدينة_المنورة تُسجل أعلى نسبة تعافي لمرضى #كورونا منذ بداية الجائحة. 📍91٪ نسبة التعافي. 📍1500 حالة نشطة فقط 📍لا وفيات جديدة . الامور طيبة الحمدلله .. نلتزم حتى يظهر اللقاح https://t.co/kl62JWmhaW 	 3
arabic/1E_favorite query:15 ألف #متطوع من 107 جنسيات تعيش بدولة #الإمارات يشاركون في تجارب لقاح #كوفيد - 19 غير النشط . #رؤية_الإمارات #عين_في_كل_مكان #كورونا #دبي #الإمارات https://t.co/LsOheh4KyM 	 4
arabic/1E_favorite query:«منظمة الصحة العالمية»: نتطلع إلى مراجعة التجارب الإكلينيكية لـ اللقاح المحتمل لفيروس #كورونا الذي طوَّرته روسيا مؤخرا.. https://t.co/krg0H7dl5i 	 0
arabic/1E_favorite query:في اللواء : بوتين يعلن تسجيل أول لقاح ضد فيروس كورونا في العالم. https://t.co/Jz1DID5P2q #لواء_5يونيو https://t.co/890NtpCrFO 	 12
arabic/1E_favorite query:المسار | #روسيا تنتج أول دفعة من اللقاح المضاد لفيروس #كورونا #عاجل https://t.co/5sIcA9jViR 	 5
arabic/1E_favorite query:هل يجب على الأشخاص الذين تقل أعمارهم عن 18 عاماً والنساء الحوامل أخذ لقاح #جونسون_آند_جونسون؟ مراسلة CNN للشؤون الطبية توضح.. شاهد https://t.co/Yq2KjyG5ry @elizcohencnn 	 18
arabic/1E_favorite query:الرئيس التنفيذي لاسترازينكا المنتجة للقاح الذي طورته جامعة أكسفورد البريطانية يقول بأن اللقاح سيتوزع عالميا في شهر أكتوبر أو نوفمبر وأن الدول الفقيرة والمتوسطة الدخل ستحصل على مليار جرعة... هانت بإذن الله https://t.co/7iY4WNGERw 	 568
arabic/1E_favorite query:لهذه الأسباب.. علماء يحذرون من لقاح #كورونا الروسي #سوريا #COVID19 https://t.co/RUkuFnkUs9 	 1
arabic/1E_favorite query:طلبت حكومة #ترامب مسبقاً مئات الملايين من الجرعات من ست شركات تعمل على تطوير لقاحات تجريبية لـ #كورونا وستكون الجرعات مجانية #COVID19 #نلتزم_لننتصر #CommitToWin https://t.co/7BbA6Hc5Kl 	 9
arabic/1E_favorite query:واللقاح، الذي دخل مرحلة التجارب السريرية، واحد من 4 لقاحات تطورها مصر حاليا، علما أن المركز القومي للبحوث انتهى من التجارب ما قبل السريرية على الحيوانات على هذا اللقاح. #كورونا #covid19 https://t.co/KpqWBK9shO 	 41
arabic/1E_favorite query:💡تعليقا على التغريدة المقتبسة ... هذا تطعيم آخر يجرب في جنوب أفريقيا🇿🇦 بتنسيق و إشراف جامعة ويتس @WitsUniversity 🧠الاستثمار في العقول في الجامعات يجب أن يتمم بالثقة في تلك العقول وهذا ما نراه كمثال واقعي في جنوب أفريقيا حيث 💉AZD1222 تطعيم أوكسفورد و 💉NVX-CoV2373 نوفافاكس https://t.co/MDRJowX4eZ https://t.co/xrVVzmmsX2 	 9
arabic/1E_favorite query:الحمد لله الذي بنعمته تتم الصالحات.  تم بحمد الله اليوم شفاء 5 حالات من المصابين بفيروس كورونا المستجد، ليبلغ عدد الذين تم شفاؤهم 27 حالة. نرجو الله الشفاء للمرضى والسلامة للجميع. 	 6904
arabic/1E_favorite query:#الشبيبة| #الصين تعلن: لقاح #كورونا في الأسواق بنهاية العام https://t.co/x61Wwx3fUx 	 15
arabic/1E_favorite query:أخيراً : منظمة الصحه تعلن عن إيجابية لقاح #جامعة_أكسفور لمكافحة فايروس #كورونا https://t.co/547aMEYVwh 	 21
arabic/1E_favorite query:المتحدث الرسمي باسم وزارة الصحة: ارتياح نسبي في المنشآت الصحية مقارنة بالأشهر الماضية • مؤشرات إيجابية لقرب إنتاج لقاح لفيروس #كورونا https://t.co/rqYsOabb98 	 1
arabic/1E_favorite query:#سويسرا تتعاقد مع #مودرنا لحجز ملايين الجرعات من لقاح #كورونا #سكاي_أخبار https://t.co/z31o1ekCvZ 	 24
arabic/1E_favorite query:#عاجل #روسيا تعلن عن تسجيل أول #لقاح في #العالم مضاد لفيروس #كورونا https://t.co/MtCSnb3WMw https://t.co/m9kNa1SlPs 	 9
arabic/1E_favorite query:وزير الصحة العماني يقول إن هناك تنسيقا مستمرا ومتواصلا بين سلطنة عمان، ممثلة في وزارة الصحة، والتحالف العالمي للقاحات والتحصين (جافي) من أجل الحصول على 700 ألف جرعة من لقاح فيروس كورونا (كوفيد-19) "فور تصنيعه وإنتاجه". #قنا 	 34
arabic/1E_favorite query:بوتين يعلن موافقة وزارة الصحة الروسية على اللقاح الروسي لكورونا وأن ابنته أخذت اللقاح. وسيتم بدء إنتاج اللقاح في شهر سبتمبر القادم، و إلى هذه اللحظة تم طلب مليار جرعة من قبل 20 دولة! #كورونا https://t.co/z8oNleccL4 	 37
arabic/1E_favorite query:(نيوزويك) 👈🏻تردد كبير جدا داخل روسيا ٥٠٪ هي نسبة الرافضين لاستخدام اللقاح ضد كورونا وذلك في استفتاء ضم ٣٠٠٠ عامل في القطاع الصحي وذلك تشكيكافي صلاحيته لعدم استكماله كافة الاجراءات التي تؤكد ١- فعاليته ٢- سلامته ٢٠٢٠ هو عام نشهد فيه حربا من نوع آخر 👈🏻حرب اللقاحات 😅😅😅 https://t.co/u8vZmfgCGv 	 3
arabic/1E_favorite query:وكالة الأدوية الأوروبية : لقاح #فيروس_كورونا قد يصبح جاهزا خلال عام https://t.co/VrKkZhZ7Ei https://t.co/2xVXzxiH8D 	 3
arabic/1E_favorite query:أعلن #ترامب عن إستراتيجية بلاده لمحاربة فيروس #كورونا فسارع الإعلام الغربي للتبني والإشادة بطريقة العلاج بالبلازما مع أنها ليست خرقا علميا. أنتجت #روسيا لقاحا وأكدت فعاليته لشريحة واسعة من الناس فسارع الإعلام الغربي لحجب المواقع والتشكيك.. هكذا يعمل الإعلام بمفهوم البلطجة. https://t.co/MeQNtxmaMK 	 27
arabic/1E_favorite query:منظمة الصحة العالمية نناقش مع السلطات الصحية الروسية للقاح المكتشف حديثا ضد #فيروس_كورونا ،، والمناقشات جارية فيما يتعلق بالتأهيل المسبق للمنظمة بخصوص اللقاح، ولكن مرة أخرى يشمل التأهيل المسبق لأي لقاح مراجعة وتقييما صارمين لجميع بيانات السلامة والفعالية المطلوبة . 	 2
arabic/1E_favorite query:منظمة الصحة العالمية قالوا "-قد- لايوجد حل فوري مباشر -سحري- للمرض" وهو المعنى بكلمة silver bullet يعني لاحد يقولكم الحين "بيطلع تطعيم و دوا..فلّوها" ⚠️مايقدرون يقولون في حل، دون وجود دليل قاطع، هم ينقلون الصورة بالمعطيات الحالية ⚠️هم ليسوا هيئة دواء. https://t.co/kL0SiRMOxN https://t.co/r13vCgKPou 	 34
arabic/1E_favorite query:عاجل 🔴 . . وزارة الصحة تعلن رسمياً: العمل يجري حالياً لتهيئة وإجراء الاستعدادات للبدء في تجربة اللقاح الصيني الجديد ضد فيروس كورونا في ثلاث مدن رئيسة هي الرياض والدمام و مكة المكرمة. . . السعودية 	 592
arabic/1E_favorite query:@hano3li @ScreenMix اللقاح الروسي ناجح نظريا لكنه مو ناتج من فيروس كوفيد. هم استخدموا فيروس ثاني ودمجوه مع جينات من كورونا عشان يقدرون يوجهون الجهاز المناعي على العمل لهذا سموه لقاح موجه. نظريا طريقة ناجحة لكن بدون ما يتجرب لفترة طويلة ما نعرف النتيجة. ممكن ينجح انه يبعد كوفيد أو لا. هذه بيد الله 	 5
arabic/1E_favorite query:فيديو معبر 🔴 .  . #شاهـد “رجل أمن” يوجه نصيحة هامة لشبان خرجوا في رحلة برية متجاهلين التحذيرات المتكررة بضرورة الإلتزام بتعليمات السلامة والبقاء في المنزل. . . #تكفون_اقعدوا_في_بيوتكم #السعودية #هام #كارونا_السعوديه #Covid_19 #COVID19 #حظر_تجول_اجباري_ينقذنا #الحجر_المنزلي  . . https://t.co/ZOywy0dedn 	 5873
arabic/1E_favorite query:للتذكير والتنبيه : متوسط المدة لدراسة أي لقاح تحتاج من ١٠ إلى ١٥ سنة. 🐁💉💰💰💰💰💰 https://t.co/dWMeKKgqCG 	 31
arabic/1E_favorite query:#كوبا #فيروس_كورونا #لقاح كوبا تبدأ التجارب النهائية على لقاحين تم تصنيعهم محليا .. صراحة انجاز كبير لهذه الجزيرة الصغيرة والفقيرة! https://t.co/ASgKenptTJ via @financialtimes 	 40
arabic/1E_favorite query:#عاجل وزارة الصحة الروسية تعلن عن بدء إنتاج اللقاح المضاد لفيروس كورونا والذي تم تطويره محليا. - منظمة الصحة العالمية قالت إنها تجري مباحثات مع روسيا بشأن اللقاح الجديد لمعرفة مدى فاعليته. #روسيا #كورونا https://t.co/ZBuJf8yUXk 	 3
arabic/1E_favorite query:وفي العالم العربي ، يبدو ان مصر قامت بحجز حصة من نفس اللقاح حسب تصريح سابق لرئيس هيئة الدواء المصرية https://t.co/Askoihf1ll https://t.co/sjxTMYrZie 	 14
arabic/1E_favorite query:#الصحة_العالمية تحذر: لقاح #كورونا وحده لن ينهي الجائحة. 	 4
arabic/1E_favorite query:الروس قالوا انهم اكتشفوا لقاح #كورونا ، هناك تشكيك أميركي وأوروبي.. كل واحد يستعمل لقاحاته، المهم نخلص من الوباء. 	 77
arabic/1E_favorite query:في أول أيام تلقي أصحاب الأمراض المزمنة لقاح #كورونا.. رئيس الوزراء يقول إن اختبار اللقاحات واعتمادها في مصر يسير بأسلوب علمي https://t.co/BWeSUwO7sw 	 26
arabic/1E_favorite query:تقول شركة اللقاحات الكبرى (من قبل احد المبلغين )إن لقاح الحمض النووي الريبي COVID الجديد الذي تطوره شركته يمكن أن يتسبب في عقم ما يصل إلى 97٪ من النساء ، كما أنه سيغير الحمض النووي لـ 100٪ من الأشخاص الذين يتلقونه فيديو كامل https://t.co/IXhewfiyTb 	 262
arabic/1E_favorite query:20 دولة طلبت مليار جرعة من اللقاح الروسي ضد كورونا - #صحيفة_الراي #روسيا #كورونا https://t.co/b9mYqRPKeO 	 36
arabic/1E_favorite query:#وزيره_الصحه تعلن المشاركة مع 6 جهات دولية للحصول على لقاحات #كورونا المستجد للتفاصيل.. https://t.co/Tt6nPfL6Jb 	 54
arabic/1E_favorite query:عاجل | وزير الصحة البريطاني: هناك تطورات تحققت فيما يتعلق بالتوصل إلى لقاح لفيروس #كورونا 	 38
arabic/1E_favorite query:توقعاتي: بعد ورود أنباء من #روسيا عن نجاح كل تجارب لقاح #كورونا السريريةوستبدأ في اكتوبر(شهر صفر) لقاح جماعي للمواطنين، اتوقع تأخير الدراسة في السعودية لشهر صفر بعد توفر اللقاح، والله أعلم #الجيش_السلماني #تيك_توك https://t.co/bDNT5MJP5U 	 9
arabic/1E_favorite query:الأستاذ في الوبائيات وطب المجتمع بالجامعة الأميركية في #بيروت د.سليم أديب: لقاح #روسيا ضد #كورونا لم يتجاوز المرحلة الثالثة التي تؤكد نتائجه الفعالة https://t.co/kcHXzP63Tr 	 35
arabic/1E_favorite query:١٠٠ الف طفل امريكي في مرحلة الدراسة مصابين بفيروس COVID 19. بداية المدارس من دون انحسار للفيروس ووجود لقاح فعال و امن سيكون له نتائج كارثية https://t.co/6PahS3hmvt 	 9
arabic/1E_favorite query:أعلنت المفوضية الأوروبية،اليوم، أنّها حجزت باسم الدول الأعضاء، 300 مليون جرعة من عقار ضد فيروس #كورونا المستجد تعمل عليه المجموعة الفرنسية #سانوفي . وقال البيان إنّ المفوضية تواصل “مناقشات مكثفة” مع مجموعات أخرى تعمل على إنتاج لقاح مماثل. https://t.co/WQcu7mTIxv 	 16
arabic/1E_favorite query:لقاح فيروس كورونا قد يتأخر لأكثر من سنتين.. والسبب: نقص عالمي في القوارير الزجاجية! #كوفيد_19 #صحة #فيروس #كورونا #covid19 #لقاح https://t.co/72WNVTJ2o5 	 343
arabic/1E_favorite query:الفرق من أمس لليوم حوالي ٢٠٠ ألف جرعة! لو زاد المعدل لأكثر من ٣٣٠ ألف جرعة في اليوم الواحد فبإمكاننا بلوغ الهدف (تطعيم ٧٠٪ من السكان) في غضون ٣ أشهر إن شاء الله. التوسع في مراكز التطعيم لا يزال جارياً خاصة بعد التعاقد مع الصيدليات. فهذا الهدف يمكن تحقيقه بعون الله وتوفيقه 🙏🏼 	 6
arabic/1E_favorite query:راح يسعون بكل قوه تنفيذ المخطط .اغلب دول العالم مغلوبه على امرها وراح تسوي كما تآمرهم الدوله العميقه .الا وهو إجبار الناس في الدول على أخذ اللقاح بقوه ..المهم الدوله العميقة قويه جدا ولها أذرع في كل مكان في الارض .لكن ابشركم لن يستطيعو عمل شي دام الشعوب واعيه وماتخاف .لم نبدا بعد https://t.co/EYz2miWG8N 	 29
arabic/1E_favorite query:#الشبيبة| الصحة الروسية: إنتاج أول لقاح روسي ضد #كورونا سيبدأ في سبتمبر المقبل.. https://t.co/LUbm14JqPH 	 24
arabic/1E_favorite query:ثريد علمي عن اللقاح الروسي للفائده https://t.co/GuZGI9nhv4 	 7
arabic/1E_favorite query:🌇 #مشاريع_مصر🇪🇬| كشف الفريق البحثي لإنتاج لقاح كورونا بالمركز القومي للبحوث عن بدء إجراء تجارب سريرية على لقاح مصري 100% في غضون أسبوعين، وذلك بعد تحضير الدفعة الأولى من جرعات اللقاح تكفي لحوالي 10 إلى 15 ألف متطوع. للتفاصيل⬇️ https://t.co/DXqgdXbk0T https://t.co/dU9EmqGDYq 	 423
arabic/1E_favorite query:مؤكداً أن اللقاح حصل على موافقة من الجهات التنظيمية في بلده، وبعد أن اجتاز كافة الاختبارات المطلوبة، مضيفاً أن ابنته أعطيت اللقاح بالفعل. ومن المقرر إجراء عمليات تطعيم شاملة للشعب الروسي في أكتوبر/تشرين الأول المقبل #بوبساي #العلوم_للعموم #روسيا #كورونا https://t.co/2U4yxP3JJ8 	 3
arabic/1E_favorite query:لقاح فيروس كورونا الروسي الجديد يثير شكوك العلماء في سلامته التفاصيل على الرابط التالي: https://t.co/lLk23n8ws5 ترجمة: ليلى حمدون تدقيق: عون حدّاد https://t.co/oFpUiXFF0s 	 6
arabic/1E_favorite query:وزيرة #الصحة تكشف: 6 لقاحات للوقاية من #كورونا دخلت المرحلة الثالثة من التجارب السريرية.. ولقاحان من الصين لتجريبهما على 15 ألف مصرى.. والجرعات تصل الأسبوع الجارى.. والمبادرات الرئاسية قللت آثار كورونا https://t.co/iKw57s7mVC 	 95
arabic/1E_favorite query:اكتشاف جديد يبشر بمكافحة #كورونا «أسرع» من ابتكار اللقاح #عكاظ #ان_تكون_اولا #تطبيق_عكاظ #كورونا #corona https://t.co/7RXVR9JpL7 	 8
arabic/1E_favorite query:رئيس الفلبين يتطوع لتجربة لقاح روسي لـ #كورونا على نفسه https://t.co/THDbAttLbY https://t.co/TD4qNmEfEY 	 13
arabic/1E_favorite query:س: هل سنحصل على التطعيم بالمشاركة في تجارب المرحلة الثالثة ؟ ج: سيتم توزيع المتطوعين على ثلاث فئات. مجموعتين سيحصلون على تطعيم حقيقي. والثالثة ستحصل على لقاح وهمي (Placebo). وسيتم مراقبة المتطوعين خلال مرحلة الدراسة وإجراء المقارنات #لأجل_الإنسانية 	 9
arabic/1E_favorite query:أعلن رئيس صندوق الاستثمار الروسي كيريل ديميترييف في مؤتمر عبر الإنترنت، أن بلاده تلقت طلبا لإنتاج مليار جرعة من لقاح فيروس #كورونا الذي كشف عنه فلادمير بوتين. وأضاف إن #موسكو قامت بتأسيس شراكة لإنتاج اللقاح في 5 دول بقدرة إنتاج 500 مليون لقاح يمكن إنتاجها في الأشهر الـ 12 المقبلة 	 11
arabic/1E_favorite query:وتحدث كذلك وزير الصحة الألماني ينس سبان، اليوم الأربعاء، إن اللقاح الروسي لمرض «كوفيد-19» الناجم عن فيروس كورونا المستجد لم يختبر على نحو كافٍ، مضيفاً أن الهدف هو ابتكار منتج آمن وليس أن يكون بلد ما الأول في توفير لقاح للناس فحسب. #الرؤية_بلا_حدود https://t.co/KzdY0RItLP 	 2
arabic/1E_favorite query:رسمياً تسجيل أول لقاح ضد فيروس كورونا فى العالم #روسيا #كورونا #Russia #R_a_i_e_d https://t.co/AiDU2vactQ 	 0
arabic/1E_favorite query:مستشار صحي سابق في إدارة #أوباما: الدول الغنية ستحصل حتما على لقاح #كورونا أولا https://t.co/klFVo1fLQk 	 85
arabic/1E_favorite query:روسيا أعلنت لقاح ضد فيروس كورونا ولسه دولة السودان بتقفل في المعابر بين الولايات والأسواق وبتدهور في اقتصاد البلد. 	 33
arabic/1E_favorite query:روسيا ستقوم بإختبار لقاحها على 40 ألف شخص😬 وخمن ماذا؟ اللقاح أعطيته تسمية spoutnik V 👁️ مازالت الحرب الباردة بين الكتلتين والكل يريد ان يتقاسم الكعكة يضحكون على الشعوب بالفضاء وباللقاحات يقول الاستاذ جول تيسو: اللقاحات هي أكبر خدعة طبية على مر العصور https://t.co/46Zy2mY9kz https://t.co/NmIxvgozJA 	 19
arabic/1E_favorite query:الصين تتوصل إلى ثاني لقاح لفيروس #كورونا بعد روسيا. وهذه التفاصيل: #يومياتي #اخبار #فيروس_كورونا #COVID19 https://t.co/RU8JYNJQ40 	 0
arabic/1E_favorite query:الأخبار في دقيقتين: 🦠 22 مليون إصابة بـ #كورونا عالمياً 🧪 أطباء روس يصفعون بوتين برفضِهم اللقاح 🇱🇧 وفي #لبنان.. السخطُ يتزايد على "حزب الله" 🎤 @s_shouly https://t.co/GcF4qbq9Vr 	 69
arabic/1E_favorite query:نفخر بشركائنا في #صيدليات_الدواء على حصولهم اعتماد وزارة الصحة بتقديم لقاحات فيروس كورونا داخل فروعها https://t.co/mmEPNkfuKV 	 13
arabic/1E_favorite query:الأرجنتين والمكسيك ستنتجان لقاحا ضد #كورونا لدول أميركا اللاتينية... متى سيكون جاهزاً؟ #اندبندنت_عربية_تغنيك https://t.co/mJUY42z0aG 	 22
arabic/1E_favorite query:قد يستغرق سنوات.. مدير مجموعة أكسفورد: يمكن الوصول لنتائج تجارب لقاح #كورونا قبل نهاية 2020 https://t.co/LtUQffMGZW 	 46
arabic/1E_favorite query:#الحمدلله جميل ان تستشعر الايجابية سواءً لذاتك او لمن حولك👌🏻 حتى في حضورك ومشاركاتك سواءً الخاصة او العامه.. اعلى نسبة لمن اخذوا #لقاح_كورونا حتى الآن هي في نفس اليوم اللذي اخذت فيه اللقاح ٢٨ فبراير حسب احصائية الموقع الرسمي👇🏻 https://t.co/PhkI17zAC3 	 5
arabic/1E_favorite query:#المدينة || #وزارة_الصحة : متابعة مستمرة من قبل الوزارة للوقوف على نتائج تجارب اللقاحات العالمية لفيروس #كورونا -نطمئن الجميع بعدم إتمام التعاقد إلا بعد التأكد من مأمونية وفاعلية اللقاح. @KUWAIT_MOH https://t.co/IcWlZl8pso 	 0
arabic/1E_favorite query:نفهم من هذا أن اللقاح اللعين سيكون إجباري اذا دون ذلك أرواحنا والشهادة افضل من الخضوع والركوع للدجال وأعوانه . https://t.co/z7xUICtF8e 	 18
arabic/1E_favorite query:أعلنت رئيسة المفوضية الأوروبية أورسولا فون دير لاين أن المفوضية ستضع قبل نهاية الشهر اقتراحًا تشريعيًا يهدف إلى إصدار "جواز سفر لقاحي" وهو نوع من الشهادات الطبية الرقمية التي تهدف إلى إثبات أن الشخص المسافر قد تلقى لقاح كوفيد-19 ،أو لتسجيل نتائج الاختبا... https://t.co/YSZPHB5SBB 	 3
arabic/1E_favorite query:#سويسرا تعقد صفقة لشراء 4.5 مليون جرعة من لقاح #موديرنا • الاتفاق هو الأول الذي تعقده سويسرا لتأمين ملايين الجرعات من لقاحات #كورونا • الصفقة مخصصة لتطعيم 2.25 مليون شخص بجرعتين للفرد https://t.co/VTN6BwyCq9 	 13
arabic/1E_favorite query:السفير الصيني في السعودية يكشف موعد إنتاج اللقاح الجديد لعلاج فيروس كورونا https://t.co/1cndnaPK52 https://t.co/wi5b0RBWSP 	 5
arabic/1E_favorite query:@gucciya234 هو من عدل الفيروس في معامل يوهان في الصين ثم نشره ونشر الخوف والهلع حتى يصل الى اللقاح #كورونا #نرفض_اللقاح_الإجباري https://t.co/5Swg8vxxi3 	 12
arabic/1E_favorite query:#إيطاليا تعلن جاهزية اختبار أول لقاح محلي لمكافحة #كورونا #صدى_البلد #البلد https://t.co/tLQHp1MA1B 	 5
arabic/1E_favorite query:@CurieGh @SaudiMOH937 أنا مدير عام الرعاية الصحية المنزلية في وزارة الصحة وبالفعل بدأنا اعطاء لقاح ضد فيروس كورونا المسبب لمرض كوفيد ١٩ في منازل المرضى المسجلين في الرعاية الصحية المنزلية وعددهم ٣٨ ألف مريض وجميع أفراد الأسرة الذين تنطبق عليهم المعايير والحمد لله @F_Mubarak_PT @JehanAsiri 	 0
arabic/1E_favorite query:#عاجل | #ترامب: الكثير من الأمريكيين خسروا أحبابا لهم بسبب الفيروس الصيني.. وسيكون لدينا #لقاح آمن وسريع وسنقوم بسحق #فيروس_كورونا #كورونا #كوفيد_19 #بوابة_الأخبار https://t.co/SMeuMIZALR 	 6
arabic/1E_favorite query:إنتاج أول #لقاح في العالم ضد فيروس #كورونا في #روسيا. أعلنت الشركة أنه لا يمكنها إنتاج سوى مليون ونصف جرعة من اللقاح سنويًا. https://t.co/JKszQavPKV 	 7
arabic/1E_favorite query:بعد عدة أسابيع من بدء تطعيم العاملين في القطاع الطبي #كورونا #مصر https://t.co/qnEYgVzQ4x 	 0
arabic/1E_favorite query:#الفلبين | أشاد الرئيس الفلبيني رودريغو دوتيرتي بالجهود الروسية لتطوير لقاح مضاد لفيروس #كورونا المستجد، قائلاً "إنني أثق كثيراً في دراساتكم لمكافحة كوفيد-19". https://t.co/mmVgXmPpBx 	 29
arabic/1E_favorite query:▪️وزير الصحة : سوف تستمر الدراسة عن بعد في حالة عدم وجود لقاح لفايروس #كوفيد_19 . ▪️وزير التعليم : سوف تكون الدراسة حضوراً في حالة كان هناك انخفاض في الاصابة بفايروس #كورونا 	 2
arabic/1E_favorite query:لقاح روسي ضد #كورونا هو "الأول في العالم" يقول الرئيس #بوتين إن ابنته لُقحت به https://t.co/sFUNv0Tc56 	 24
arabic/1E_favorite query:تعرف على مكان حقن لقاح #فيروس_كورونا الروسى فى الجسم #كورونا #روسيا #Covid19 https://t.co/Kz67trsMeX 	 26
arabic/1E_favorite query:✳️لم تتغير توصيات مركز السيطرة على الامراض الامريكي و منظمة الصحة العالمية و وزارة الصحة بالكويت بالنسبة لاعطاء لقاح كوفيد للحامل او المرضع حتى اليوم ١-٣-٢١✳️ التوصية مازالت: يعطى للحامل او المرضع حسب خطورة تعرضها للكورونا. مثلا الحامل التي تعمل في بيئة تكثر فيها حالات الكورونا✳️ 	 15
arabic/1E_favorite query:معلومة جميلة، قد تخفى على الكثير‼️ سبق لألمانيا وبريطانيا تطوير لقاح #كورونا بنفس الفكرة التي يعتمد عليها لقاح روسيا، واجتاز الاختبار في المختبر وعلى الحيوان، واجتاز المرحلتين الأولتين من التجربة على الإنسان، ولكنّه للأسف لم يجتز المرحلة الثالثة من الاختبار على الانسان‼️ 	 17
arabic/1E_favorite query:أعلن الرئيس الصيني #شي_جين_بينغ أن الدول الإفريقية ستكون من أولى الجهات المستفيدة من لقاح #فيروس_كورونا (كوفيد-19) وذلك بمجرد اكتمال عملية تطويره وتعميم استخدامه في #الصين 🇨🇳🦠 https://t.co/5SWRvZjJ24 #جريدة_الوطن_القطرية #Covid19 #لأجل_قطر_كلنا_في_البيت #Qatar https://t.co/z4FGjbIgfD 	 5
arabic/1E_favorite query:أول تعليق حكومي مصري على إعلان روسيا اكتشاف لقاح فيروس كورونا https://t.co/Ad0D1INi6a 	 38
arabic/1E_favorite query:منظمة العفو الدولية: إصابة عمال بناء في #قطر بفيروس #كورونا بعد رفض السلطات علاجهم ووضعهم بمستشفيات غير مؤهلة https://t.co/iFUSth4ZWI 	 511
arabic/1E_favorite query:#برنامج_أخباركم 🗞️ مركز لقاحات #كورونا بـ #حائل يواصل استقبال المواطنين والمقيمين . @hailhealth إعداد : @Mo7md_686 التقرير كاملا ⬇ 🔗: https://t.co/XDVGMeHvHs https://t.co/in0fV0u72v 	 17
arabic/1E_favorite query:رسمياً من وزارة الصحة الروسية : #روسيا بدأت فعلياً في إنتاج اللقاح الجديد المضاد لفيروس #كورونا 	 15
arabic/1E_favorite query:@nfnfjo انتقل الى رحمة الله المهندس هزاع محمد ابو طالب مدير بلدية القفل بعد اخذه لقاح كورونا وانتكاسه بسبب ضعف في الصفائح الدموية كل العزاء لأهل الفقيد خاصة ولسكان قرية ابو حجر الأعلى عامة وان لله وان اليه راجعون الله يرحمه ويغفر له ويسكنه فسيح جناته https://t.co/qLZICLg6rB 	 113
arabic/1E_favorite query:100 مليار دولار هو المبلغ الذي يجب على دول العالم أن تجمعه لتأمين لقاح ضد فيروس كورونا (كوفيد-19) والأدوات اللازمة لمنع تفشيه حسبما أعلنت منظمة الصحة العالمية. إذا ما توفر لقاح للفيروس، هل ستأخذونه؟ 	 107
arabic/1E_favorite query:#فرنسا🇫🇷 تسجل أعلى عدد اصابات يومية بـ #فيروس_كورونا منذ 14 أبريل ⚠️التوقف عن #لبس_الكمام و الالتزام بـ #التباعد_الجسدي دون وجود لقاح أو دواء سيتسبب بموجة وبائية جديدة تزيد فيها فرص فرض #الاغلاق و #الحظر مرة أخرى. الحذر مطلوب. #الموجة_الثانية https://t.co/SNiBhmjIt4 	 2
arabic/1E_favorite query:#الاسبوع_العالمي_للرضاعة_الطبيعية🤱... هل تعلمين 🤔 أن أول جرعة تطعيم لطفلك هو #حليب_الأم عبر #الرضاعة_الطبيعية ... لاحتوائه على 1️⃣ أجسام مضادة 2️⃣ #الخلايا_الجذعية المهمة فهو محارب قوي ضد #فيروس_كورونا #الرضاعة_الطبيعية نعمة من الله فلا تحرمي نفسك وطفلك منها... #صباح_الخير https://t.co/FTxeDD4ZMF 	 12
arabic/1E_favorite query:الرئيس فلاديمير بوتين يعلن ان روسيا طوّرت أول لقاح ضد فيروس #كورونا في العالم، ويقول ان احدى ابنتيه تلقت هذا اللقاح. 	 21
arabic/1E_favorite query:الغرض من هذا الخوف من وهم فيروس كورونا هو تدمير الاقتصاد وإخلاء كوكب الأرض من "أكلة عديمة الفائدة". لماذا تعتقد أن بيل جيتس يريد تطعيم الجميع؟ ألم يتحدث هذا الشيطان مؤخرًا عن ضرورة تخفيض عدد سكان العالم عن طريق اللقاحات و التطعيم؟ 👇 	 24
arabic/1E_favorite query:مصر تعلن عن استعدادها لتوقيع اتفاقية كبرى مع الصين لتصنيع لقاح فيروس كورونا عاجل https://t.co/oGGcp7ew8s 	 68
arabic/1E_favorite query:#ترامب نهاية يوم الخميس سوف تشتري الولايات المتحدة الامريكية 100مليون لقاح لڤايروس #كورونا . #انصروا_الثورة https://t.co/dkvF0rlbfI 	 65
arabic/1E_favorite query:عاجل | الرئيس الروسي فلاديمير بوتين يعلن تسجيل أول لقاح في العالم مضاد لفيروس #كورونا https://t.co/VqvenbTb5T 	 125
arabic/1E_favorite query:تكلفته تقارب 144 دولارًا.. #الصين تطرح لقاح #كورونا نهاية 2020 https://t.co/51HCUydfxQ 	 10
arabic/1E_favorite query:#لواء_5يونيو| مسؤول أمريكي بارز، يؤكد أن حكومة الولايات المتحدة والشركات العاملة في مجال الأدوية تخطط لبدء إنتاج لقاح ضد فيروس كورونا المستجد خلال الصيف الجاري. https://t.co/iDFIzovXc4 	 5
arabic/1E_favorite query:عاجل 🔴 . . روسيا تعلن رسمياً : الانتاج الصناعي للقاح الروسي الجديد ضد فيروس كورونا سيبدأ في شهر سبتمبر المقبل .. ولدينا طلبات من 20 دولة لشراء مليار جرعة من هذا اللقاح. . . روسيا 	 255
arabic/1E_favorite query:روسيا تؤكد أن مزاعم بأن لقاح فيروس كورونا غير آمن لا أساس لها https://t.co/RT6323ipc6 https://t.co/1pxSSKBDzx 	 4
arabic/1E_favorite query:بوتين يعلن تطوير أول لقاح ضد فيروس كورونا وخبراء متخوفون https://t.co/cxIaoSD7Ec https://t.co/2ZVEmjgSX4 	 6
arabic/1E_favorite query:بروفيسور سارة جلبرت هي من تقود فريق جامعة أكسفورد لإنتاج لقاح فيروس كورونا والذي هو الأن في الطليعة. الدول اللتي نجحت في التغلب على الوباء بخسائر قليلة تقودها نساء مبروك لنا ولبنات حواء هذا التميز والنجاح. https://t.co/ovay0rP6CU 	 5
arabic/1E_favorite query:رئيس مجلس الوزراء ووزير الداخلية يصدر قرارا بفرض إجراءات احترازية لمنع كافة أشكال التجمع، بسلطة القانون، على سبيل المثال لا الحصر (الكورنيش، والحدائق والشواطئ العامة، والتجمعات الاجتماعية)، وذلك استمراراً للجهود التي تبذلها الدولة للتصدي لفيروس كورونا والحد من انتشاره . #قنا https://t.co/yYdwPHZ8yu 	 407
arabic/1E_favorite query:#عاجل| #وزيرة_الصحة تعلن توفير حصة #مصر من تطعيم #كورونا https://t.co/hqoEm4vTdw https://t.co/RpfQba7BlZ 	 114
arabic/1E_favorite query:مسؤولون: معظم #الأمريكيين لن يحصلوا على لقاح #كورونا قبل منتصف العام المقبل حتى إذا تم اكتشافه في 2020 https://t.co/4141XxqSzk https://t.co/VI9sUkpYtO 	 4
arabic/1E_favorite query:أمير قطر يطلب من الولايات المتحدة ودول أخرى تنفيذ وعودها بالضغط على السعودية لإنهاء المقاطعة وإيجاد حل للأزمة نظير احتضان الدوحة لإتفاق المصالحة بين طالبان وأمريكا. - تعليق: دول العالم أجمع مشغولة بكيفية القضاء على كورونا وإعلام الدوحة مشغول بالسعودية! نسأل الله العافية والسلامة 	 3052
arabic/1E_favorite query:هبوط آمن! 🇸🇩 لقد وصلت الشحنة الأولى من لقاحات #كوفيد19 إلى #السودان عبر مبادرة #كوفاكس. تهانينا! هذا الصباح #السودان يصنع التاريخ كأول دولة في منطقة الشرق الأوسط وشمال أفريقيا تحصل على هذه اللقاحات. https://t.co/p9rqtn4dgI 	 29
arabic/1E_favorite query:الرئيس الروسي يعلن تسجيل أول لقاح في العالم لفيروس #كورونا • بوتين: #روسيا تبدأ قريباً إنتاج اللقاح.. على مستوى واسع • ابنتي أخذت #اللقاح_الروسي https://t.co/CvICOAmoHO 	 39
arabic/1E_favorite query:شريحة ID 2020 لقاح فيروس كورونا وملامح النظام العالمي الجديد من خلالها https://t.co/B98ivTEJ5J 	 355
arabic/1E_favorite query:#الاتحاد_الأوروبي يعلن انضمامه لبرنامج لقاح الصحة العالمية المشترك المضاد لفيروس #كورونا https://t.co/yx0Kmq0o1W https://t.co/13Mcc15vt0 	 10
arabic/1E_favorite query:#فيديو | الدكتور هادي ياسين مدير المشاريع البحثية في مركز البحوث الطبية يتحدث عن تسجيل روسيا أول لقاح ضد فيروس #كورونا #جريدة_الراية #قطر #لأجل_قطر_كلنا_في_البيت @AlrayyanTV https://t.co/9uN3kNtQSP 	 0
arabic/1E_favorite query:عاجل | روسيا تعلن تكثيف إنتاج لقاح فيروس كورونا بمعدل 6 ملايين جرعة شهريا 	 6
arabic/1E_favorite query:طريقة اختيار المتطوعين لتجربة لقاح كورونا في المملكة (فيديو) https://t.co/YbCly3gyxu #فيروس_كورونا #السعودية #المملكة #كورونا #لقاح_كورونا https://t.co/MtIc17Mf4w 	 13
arabic/1E_favorite query:كيف سيصل اللقاح المرتقب إلى 7 مليارات شخص حول العالم؟ #عكاظ #ان_تكون_اولا #تطبيق_عكاظ #كورونا #corona https://t.co/LOqUfgnOBd 	 11
arabic/1E_favorite query:#الشبيبة| #الهند تعمل على تطوير 3 لقاحات مضادة لفيروس #كورونا https://t.co/RCLuhmOC8Y 	 22
arabic/1E_favorite query:الصحة العالمية: إنتاج لقاح لـ #كورونا أمر غير مؤكد وربما يستغرق عاما https://t.co/iV7koYQ6ai https://t.co/cqf0NlDYga 	 1
arabic/1E_favorite query:وسبق أن أكدت منظمة الصحة العالمية أن فيروس #كورونا المستجد سيبقى بين المجتمع البشري "لوقت طويل"، معتبرا أن موجة ثانية للجائحة على الأقل ستضرب العالم بسبب عدم وجود أي لقاح جاهز ضد المرض حتى الان 	 0
arabic/1E_favorite query:#Important  #Coronavirus طبيبان مصريان يعملان في إنجلترا يشاركون خبرتهم مع زملائهم في #مصر  ويلحان على أهمية أن تكون مصر مستعدة للتعامل مع مصابين الفيروس #مهم https://t.co/yRZIMPKKs7 	 9663
arabic/1E_favorite query:عاجل: رويترز نقلاً عن المتحدث باسم منظمة الصحة العالمية: لا يجب أن نتوقع اكتشاف لقاح لفيروس #كورونا قبل 12 شهراً أو أكثر. #مباشر 	 74
arabic/1E_favorite query:فيديو | #بوتين يعلن تسجيل أول لقاح في العالم مضاد لـ #فيروس_كورونا #COVID19 #RussianVaccine https://t.co/rB9UsSy9Z2 	 61
arabic/1E_favorite query:#طبيب مصري شهير يعلق على توصل #روسيا لـ #لقاح لعلاج #كورونا #مصر #اللقاح_الروسي #بوابة_الأخبار https://t.co/4l0VU20ikL 	 0
arabic/1E_favorite query:فيديو 🎥| جانب من جهود #أشغال في تنظيف وتعقيم الشوارع وذلك في إطار مواجهة انتشار فيروس #كورونا  #مرسال_قطر https://t.co/3hPXIoRiZ6 	 861
arabic/1E_favorite query:أفضل لقاح ضد فيروس كورونا هو تحسين الصحة الأيضية(مقاومة الانسولين) https://t.co/3LgPYWQRvU 	 20
arabic/1E_favorite query:يقول مكتشف لقاح فايزر آيغور شاهين عن لقاح كورونا: أنه يجب علينا تطعيم الناس كل عام او كل 18 شهر للقضاء على كورونا. ويقول استشاري الأمراض المعدية بيتر إنجليش: "قد نحتاج الى تطعيم الجميع كل عام، او عامين أو للأبد" مع إهداء لك شخص أوهم الناس بعودة الحياة الى طبيعتها بعد أخذ جرعتين https://t.co/hy5v6FMRJn 	 77
arabic/1E_favorite query:#روسيا 53.8% من الروس لا يثقون بلقاح فيروس كورونا الروسي ولا يريدون الحصول على اللقاح، بحسب ليفادا 	 12
arabic/1E_favorite query:ترمب: #كورونا سيختفي حتى من دون لقاح : صح لسانك https://t.co/Z1oZu2L0jf 	 1
arabic/1E_favorite query:🔻الإسرائيليون يتلقون لقاح وهم كورونا بشكلٍ مزيف أعتقد الأمر أصبح واضحاً ومحسوم لسنا أشد حرصاً على البقاء أحياء من اليهود أنفسهم . https://t.co/sBg55dUUGC 	 89
arabic/1E_favorite query:هل يجب على الأشخاص الذين تقل أعمارهم عن 18 عاماً والنساء الحوامل أخذ لقاح #جونسون_آند_جونسون؟ مراسلة CNN للشؤون الطبية توضح.. شاهد https://t.co/Yq2KjyG5ry @elizcohencnn 	 18
arabic/1E_favorite query:#كورونا — منظمة الصحة العالمية: لا يوجد حتى الآن أي لقاح استوفى الشروط الضرورية 	 99
arabic/1E_favorite query:#اردوغان هناك تجربتين نجحتا بالفعل على الحيوانات لإنتاج لقاح خاص بمكافحة #فيروس_كورونا وإحدى التجربتين انتقلت لمرحلة التجارب السريرية على الإنسان، #تركيا https://t.co/joand0G0NS 	 16
arabic/1E_favorite query:أعلن الرئيس الروسي، #فلاديمير بوتين الثلاثاء، تسجيل أول لقاح ضد فيروس كورونا في العالم. وأبنة بوتن تجرب اللقاح والصحة العالمية تعتمده..#روسيا 	 28
arabic/1E_favorite query:@MMQAQuDSbDuf6zp مساءك صحة تعتبر الحامل من الفئات الممنوعة من تلقي لقاح فايروس كورونا. مع تمنياتنا للجميع الصحة والعافية 	 0
arabic/1E_favorite query:هذا الصباح، وللمرّة الأولى في العالم، تم تسجيل لقاح ضد فيروس كورونا المستجد في روسيا، أعلم أنه يعمل بشكل فعال للغاية، ويشكل مناعةً مستدامةً... قالها الرئيس الروسي فلاديمير بوتين #اندبندنت_عربية_تغنيك 	 105
arabic/1E_favorite query:#بوتين يُعلن عن تسجيل "أوّل لقاح ضد فيروس #كورونا في العالم" https://t.co/jzRrBdoRIV https://t.co/VO3xY1MzPT 	 6
arabic/1E_favorite query:لقاح كوفيد _١٩ المدهش هناك امل تفاءلوا #البحرين #كورونا #كوفيد_19 #تفاؤل https://t.co/zRt2pCJvfz 	 3
arabic/1E_favorite query:بالفيديو.. «المالكي» يوضح طريقة إجراء تجارب لقاح #كورونا واختيار المتطوعين https://t.co/vHgD42N1Kk 	 3
arabic/1E_favorite query:وكالات أنباء محلية روسية أعلنت أن وزير الصحة الروسي يجهز لحملة تطعيم جماعي ضد فيروس #كورونا، في أكتوبر/تشرين الأول بعد استكمال التجارب السريرية لأحد اللقاحات https://t.co/qdGJN9cCQE 	 37
arabic/1E_favorite query:محافظ كفر الشيخ: إقبال من كبار السن وأصحاب الأمراض المزمنة لتلقي لقاح كورونا |فيديو وصور https://t.co/WW8QkZhlZV 	 1
arabic/1E_favorite query:#الشروق | إيطاليا تبدأ تجربة لقاح محتمل لكورونا على متطوعين https://t.co/Wr0L89z888 #كورونا #فيروس_كورونا #COVID19 https://t.co/36svwujjF1 	 18
arabic/1E_favorite query:#عاجل بوتين يعلن أن ابنته تلقت لقاح كوفيد-19 الروسي الجديد #بوتين #روسيا #كوفيد_19 #فيروس_كورونا https://t.co/lCgW6DpJI0 	 59
arabic/1E_favorite query:الفضل لـ«الصحة»: لا تلزموا الناس «لقاح كورونا» • الشكوك حول اللقاحات المتعلقة بـ #كورونا أكثر من اليقين https://t.co/HvXsPVGKb9 	 14
arabic/1E_favorite query:🔴اللقاح الروسي لم يخضع للمرحلة الثانية، وهي التجارب على الحيوان‼️ والآن يتم تجربته على الإنسان، ولا أعلم كيف تم الإعلان عنه بأنه لقاح "آمن" ل #كورونا #كوفيد_19 https://t.co/o50nlbRnOK 	 5
arabic/1E_favorite query:وزارة الصحة تشكل لجنة فنية لمتابعة توفير لقاح فيروس كورونا مع أربع شركات عالمية (#بريطانية #وألمانية #وصينية #وروسية) #شبكة_الإعلام_العراقي #مديرية_الإعلام_الالكتروني https://t.co/CyIGH4ia5W 	 37
arabic/1E_favorite query:#وزير_الصحه سيتم تمديد #التعليم_عن_بعد في حال عدم توفر لقاح ، وانخفاظ #كورونا سببه اغلاق #المدارس #كوفيد_19 #عاجل_السعودية https://t.co/DT7AlIjK1l 	 5
arabic/1E_favorite query:تصريح صادم من «الصحة العالمية»: لا يوجد لقاح لـ«كورونا» استوفى الشروط https://t.co/ylcQZRy1CD #الصحة_العالمية #فيروس_كورونا #كورونا #الصحة https://t.co/S8JN0grzOz 	 7
arabic/1E_favorite query:عاجل | المستشارة الألمانية تعلن تخصيص 525 مليون يورو لدعم بحوث إنتاج لقاح فيروس كورونا 	 100
arabic/1E_favorite query:#لقاح_كورونا تعتبر عملية تصنيع اي لقاح عملية طويلة ومعقدة ويمكن تسريع ذلك في حال وجود موافقات سابقة على منتجات مماثلة كما في سارس وايضا يمكن استخدام اللقاح قبل الترخيص النهائي في حال الطوارئ كوباء #كورونا تصنيع اللقاح هو المخرج الحقيقي من #جائحة_كورونا مراحل تصنيع اللقاح https://t.co/xzAHAuKzur 	 65
arabic/1E_favorite query:وكالات: روسيا تستعد لحملة تطعيم جماعي ضد فيروس كورونا في تشرين الأول والأطباء #والمعلمين سيكونون أول من يجري تطعيمهم باللقاح 	 11
arabic/1E_favorite query:نتائج دراسة المرحلة الأولى للقاح الروسي ضد #COVID19 لم تعلن رغم عدد المرضى المحدود والذي لم يتجاوز ٣٨ وعدم عشوائية العينة. غياب الشفافية يطرح الكثير من الأسئلة عن فعالية هذا اللقاح! https://t.co/hgIwsoxVYl 	 9
arabic/1E_favorite query:#الهند تضع 3 لقاحات ضد #كورونا «تحت الاختبار» https://t.co/56tediWY6y https://t.co/Wd2aseed42 	 9
arabic/1E_favorite query:🗞️🇵🇸كوريا الجنوبية: تبرع كنيسة شينتشونجي بالبلازما يسهل تطوير لقاح COVID-19 👉https://t.co/O4XiebINv8 #CoronavirusOutbreak #StopFakeNews #CoronaVirus #ShincheonjiPress #FakeNews #FactCheck #Palestine 	 12
arabic/1E_favorite query:#عاجل | ترامب: سيكون لدينا لقاح فعال ضد فيروس كورونا قبل نهاية العام #eXtranews 	 18
arabic/1E_favorite query:ظهر في الآونة الأخيرة تغطيات صحفية وبحثية تشير إلى احتمالية وجود علاقة بين تطعيم الأطفال ضد الدرن والمسمى بBCG و انخفاض معدل وفيات فيروس كورونا خاصة في دول شمال أفريقيا والعالم العربي. ولكن جاءت دراسة سويدية منشورة في MedRxiv تنفي وجود هذه العلاقة. https://t.co/BTJ5VpMzNk 	 0
arabic/1E_favorite query:موسكو: تلقينا طلبات من أكثر من 20 دولة للحصول على نحو مليار جرعة من اللقاح ضد #كورونا https://t.co/nbQtVLmKpA #rtarabic 	 51
arabic/1E_favorite query:وفد صحي سعودي يزور مصنعا في الصين لمتابعة تطوير لقاح فيروس كورونا https://t.co/UqKoqyhoeW #أخبار_الوئام 	 4
arabic/1E_favorite query:1 فيما يخص لقاح الكورونا COVID-19 🔸اربع شركات اعلنت انها في المرحلة الثالثة التي تعتبر متقدمة "استرازينيكا، سينوفارم، موديرنا وشركة صينية رابعة"، وهناك شركات اخرى كثيرة لم تصل لهذه المستويات. 🔸مع التقدم السريع نتوقع طرح اللقاح في الربع الاول من عام 2021 وهو زمن قياسي نسبيا https://t.co/0fYRcs3Zgv 	 21
arabic/1E_favorite query:تلقت روسيا طلبًا للحصول على مليار جرعة من لقاح فيروس كورونا من 20 دولة حول العالم. #البوسنه_اليوم https://t.co/ONmROHbtTN 	 3
arabic/1E_favorite query:ڤلادمير بوتين : "تم استخدام لقاح #كورونا الجديد على ابنتي" https://t.co/dfCybZRu2H 	 34
arabic/1E_favorite query:عراب الانقلاب والغدر والعقوق في قطر  بدء التغريدات ب #كورونا  ثم اقحم 11 سبتمبر ، ثم حول على الدول العربية ، ثم على دول الخليج ثم اختتم بان قطر دولة الصمود وان استمرت المقاطعة 3 سنوات ثم اختتم التغريدة بالتوسل لانهاء المقاطعة ..توظيف رخيص وغبي  الاسم: بن جاسم  الوظيفة: جمال ريان 	 1350
arabic/1E_favorite query:🛑الرئيس الروسي فلاديمير بوتن أعلن في خبر عاجل قبل قليل خروج العلماء بأول لقاح في العالم ضد فيروس كورونا #الاخبار_الحلوه #كورونا #روسيا 	 2
arabic/1E_favorite query:منظمة الصحة تقول الأزمة ممتدة ولن ينوجد لقاح إلا بعد سنة وأكثر.. وزير الصحة يقول الأزمة ممتدة لبداية العام القادم.. أطباء يقولون أن اللقاح يحتاج للمرور بمراحل تجربة بالأشهر لاعتماده .. ولي الحين تصدقون الناس اللي تقول #كورونا بينتهي بعد شهر وشهرين؟! ترى الدعوة مو كتاب ماغي فرح! 	 2
arabic/1E_favorite query:لقاح فايزر الأمريكية لـ #كورونا ينتج استجابة مناعية فى المرحلة المبكرة من التجارب https://t.co/jeL5xIhRnz 	 33
arabic/1E_favorite query:@ben_aftan لقاح العافية يارب وربي يحفظك اميرنا #عبدالعزيز_بن_فهد يستاهل الابيات الجميله الرائعه صح لسانك وعالي بيانك شاعرنا 	 0
arabic/1E_favorite query:الطبيب الإيطالي المتخصص في الأمراض المعدية " ماتيو باسيتي " يُبشر بقرب اختفاء وباء فيروس كورونا من تلقاء نفسه، ودون الحاجة إلى لقاح، في ظل انخفاض قوته وتحوله من "نمر مفترس" قبل عدة أشهر، إلى "قط بري" حالياً. (العربية) . . إيطاليا https://t.co/u1DsR9I3vP 	 2177
arabic/1E_favorite query:وزيرة الصحة: الاتحاد العالمي للأمصال واللقاحات يوافق على أن تكون مصر ضمن الدول التي سيتم توفير حصة لها من تطعيم فيروس كورونا https://t.co/z0KBzWcncs 	 36
arabic/1E_favorite query:#عاجل | مجلس الوزراء: استمرار عمل مستشفيات العزل الصحي لمعالجة مصابي فيروس #كورونا، ومتابعة إنتاج لقاحات كورونا لتوفيرها للمصريين #مصر https://t.co/4dcUZJ9Sdm 	 59
arabic/1E_favorite query:في السباق العلمي العالمي حول استخدام لقاح ضد Covid19 اعلن الرئيس الروسي عن لقاح spoutnikV ميزته الأساسيّة استخدمه الأطباء مع ابنة بوتين وسط تشكيك عالمي صيني،ألماني،اميركيً،بريطاني… السياسة لا ترحم! 	 81
arabic/1E_favorite query:سجّلت #روسيا أول لقاح ضد فيروس #كورونا في العالم 🌏 وفق إعلان الرئيس الروسي #بوتين الذي قال إن اللقاح يعمل بشكل فعال للغاية، ويشكل مناعة مستقرة قريباً سنفرح بإنتهاء وباء #كوفيد_19 😻💪💉 #عمان_تواجه_كورونا #عمان_نحو_التعافي https://t.co/ZbtdJF7XlT 	 12
arabic/1E_favorite query:تقريبا اللقاح اللي هاينقذ العالم من كورونا جاي من روسيا.. عاجل : الرئيس الروسي منذ دقائق يعلن عن تسجيل أول لقاح في العالم ضد فيروس كورونا بعد نجاح اختباره وذلك خلال أيام قليلة وصرح أن اللقاح الروسي سيمهد الطريق إلى المستقبل بدون كورونا والأقنعة والعزلة الاجتماعية. 	 310
arabic/1E_favorite query:#الصحه_العالميه: يوجد 29 لقاحا مرشحا فى التجارب السريرية لـ #فيروس_كورونا #كورونا https://t.co/BIbzAecejv 	 52
arabic/1E_favorite query:الصين تقدم قرضًا قيمته مليار دولار لأمريكا اللاتينية ودول البحر الكاريبي للحصول على لقاح الكورونا من الصين هذا بالضبط ما حذر منه تقرير للبيت الأبيض عن استراتيجيته لإيقاف التمدد الصيني https://t.co/SHSWSru4M7 	 34
arabic/1E_favorite query:ارتفاع #الروبل و #الأسهم الروسية بعد تسجيل أول لقاح لفيروس #كورونا في العالم https://t.co/kY4WrYsrHi #روسيا https://t.co/QRNETq82b9 	 8
arabic/1E_favorite query:الرئيس الروسي يعلن عن #لقاح_كورونا_الروسي للوقاية من مرض #كوفيد_19 نستنتج بأن #روسيًا لا يوجد فيها قانون لتطبيق المرحلة الثالثة على العلاج وهي التجارب السريرية على البشر لحماية سلامة الإنسان مستقبلاً من الأعراض السلبية لهذا اللقاح -لماذا هو شخصياً لم يأخد اللقاح! #كورونا 	 1
arabic/1E_favorite query:يعتقد الخبراء الصينيون أن #كورونا قد يتسبب في تلف الخصيتين وعقم الذكور ، ويوصي الرجال المصابين بإجراء اختبارات لجودة السائل المنوي ومستويات الهرمون،، **إن صدق اعتقادهم فالفايروس انتاج مختبرات 100%للسيطرة على الانفجار السكاني،وإلا ماعلاقة مرض تنفسي يؤثر على الخصوبة!! https://t.co/ssOmTzzDRr 	 618
arabic/1E_favorite query:رسميا روسيا تعلن أول لقاح ضد كورونا #فيروس_كورونا 	 52
arabic/1E_favorite query:على مستوى العالم، يوجد حالياً 29 لقاحاً مرشَّحاً في مرحلة التجارب السريرية، و138 لقاحاً مرشَّحاً في مرحلة التقييم قبل السريري. وهناك تسعة لقاحات مرشَّحة أظهرت نتائج واعدة، وتمر بالفعل بتجارب المرحلة الثانية أو الثالثة. #كوفيد_19 #فيروس_كورونا 	 24
arabic/1E_favorite query:المملكة المتحدة تستثمر 18 مليون دولار في مصنع اسكتلندي لإنتاج لقاح #كورونا #جريدة_عمان https://t.co/mHrpZNh2VE https://t.co/4oXzgFelRa 	 18
arabic/1E_favorite query:#انتبه : عدد حالات الإصابة ب #كورونا #كوفيد = على الاقل عدد الذين يحتاجون #اللقاح . كلما زاد فحص ال #PCR كلما زاد الاحتياج الى #اللقاح 	 14
arabic/1E_favorite query:وزارة الصحة: تعويضات لأي أردني يتضرر من استخدام مطعوم #كورونا https://t.co/5pIVRF5jId #عاجل #أخبار_حياة https://t.co/CCEZAI6LXv 	 6
arabic/1E_favorite query:عاجل | لقاح ⁧ #فيروس_كورونا ⁩ الايراني قد تجاوز مراحل الاختبار على الحيوان بنجاح. ⁧ #اللقاح_الإيراني ⁩ ⁧عليج الرضا خلصي اللقاح قبل محرم وانطيه للعراقيين قبل الايرانيين حتى نزور لأن متنا من الاشتياق https://t.co/y9a8F3xZ0B 	 4
arabic/1E_favorite query:الصحة: عدد الجرعات المعطاة من لقاح كورونا في المملكة يتجاوز المليون #برنامج_ياهلا #روتانا_خليجية https://t.co/r9VmVYgKuj 	 5
arabic/1E_favorite query:#الصين تمنح براءة اختراع لقاح لڤيروس كورونا بعد روسيا و اللقاح هو Ad5-nCOV المضاد ل #ڤيروس_كورونا لشركة اللقاحات الصينية كانسينو بيولوجيكس .#COVID__19 #آخر_مستجدات_كورونا 📌 	 2
arabic/1E_favorite query:حقائق عن لقاحات #كوفيد_19: لا يوجد ما يسمى بالتحفيز المفرط للجهاز المناعي. فأجسامنا مجهزة تجهيزاً جيداً لمواجهة العديد من الميكروبات ونحن نفعل ذلك كل يوم! @WHOEMRO https://t.co/lbw6IjFjrK 	 12
arabic/1E_favorite query:مديعة أمريكية تعترف أن أختها التي تعيش ب المغرب🇲🇦 استفادت من لقاح كورونا أسرع منها هي التي تعيش بالولايات المتحدة الأمريكية🇺🇸 https://t.co/lcJwn5YlKf 	 273
arabic/1E_favorite query:#التعليم_العالي تقدم ملفا لـ #هيئه_الدواء_المصريه لبدء تصنيع لقاح ضد #كورونا للتفاصيل.. https://t.co/Ldc0D4I8yR 	 38
arabic/1E_favorite query:#فاوتشي: يمكن توفير لقاح #كورونا في نهاية العام أو بداية 2021 "ليس حلمًا" https://t.co/xmL7bt1AAi 	 106
arabic/1E_favorite query:#روسيا تكشف عن أول لقاح مضاد لفيروس #كورونا https://t.co/7WAmhOnUlH 	 180
arabic/1E_favorite query:#منظمة_الصحة_العالمية: مناعة القطيع بحاجة إلى #لقاح فاعل #كورونا https://t.co/BWBXWVli2Q 	 13
arabic/1E_favorite query:@alqabas و من الخطأ الاعتقاد بأن فيروس كورونا قاتل لأن نسبه النجاة منه ٩٩.٩٪ .. اذاً لماذا اللقاح! 	 105
arabic/1E_favorite query:كم انت عظيم ايها الشعب اليمني تحارب انقلاب مدعوم ايرانيا وقطريا وتطوق القاعدة وداعش وتسمو فوق خزعبلات المثبطين وتجار الازمات وتراقب الخونة الذين باعوا أنفسهم للشيطان وتستعد مع العالم لمواجهة #كورونا الذي قد يدخل مع الخبراء الإيرانيين او السماسرة القطريين القادمين الى صنعاء... 	 839
arabic/1E_favorite query:@tabuk_ladies أفضل لقاح طبيعي لـ #كورونا _ ع الريق ملعقة عسل مع 7 حبات حبة سوداء _تناول عصير البرتقال مرتان باليوم _شاهي ليمون ، زبادي مع الثوم عجيب _الماء دافىء مع ملعقة عسل وليمون يقوي المناعة ويعززها بالجسم 	 4
arabic/1E_favorite query:متحدث الصحة يبث البشرى: لقاح #كورونا الذي سوف نجري تجربته الثالثة كانت فعاليته جيدة ومبشرة في المراحل السابقة.. ونتأمل خيراً من الله. https://t.co/TfMdSBwsJS 	 14
arabic/1E_favorite query:بوتين يعلن تسجيل بلاده أول لقاح ضد كورونا في العالم وقال في اجتماع مع أعضاء الحكومة عبر تقنية "فيديو كونفرنس"، إنّ وزارة الصحة سجلت صباح الثلاثاء أول لقاح في العالم ضد فيروس كورونا، بعد اجتيازه جميع الاختبارات اللازمة، حسب ما نقلت قناة "روسيا اليوم" https://t.co/uYNT5BQZco 	 44
arabic/1E_favorite query:لماذا يتم قتل او اغتيال كل عالم او طبيب يعلن عن اقترابه لفك لغز #كورونا او التوصل الى لقاح بدأت السلسلة من وهان بقتل الينغ اول طبيب اعلن عن كورونا ثم جاء بعده الطبيب التونسي الكموني في المانيا الذي صرح بانه قادر على ايجاد العلاج وبعد ايام قتل ومن بعده ثلاث أطباء وباحثين من 🇷🇺 	 75
arabic/1E_favorite query:عاجل: الرئيس الروسي بوتين يعلن رسميًا عن تسجيل بلاده أول لقاح ضد فيروس #كورونا وتعلن بأن هناك 20 دولة تقدمت بطلب شراء مليار جرعة من اللقاح الجديد المضاد لكورونا، والذي سيتوفر تجاريًا في شهر سبتمبر. 	 73
arabic/1E_favorite query:شركة بيونتيك الألمانية تعلن بشرى عن لقاح #كورونا.. لقاح "فايزربيونتيك" له فاعلية كبيرة والمُطَعم به لا ينقل العدوى" https://t.co/wbkXVwW1Lr 	 39
arabic/1E_favorite query:بوتن يؤكد: اللقاح الروسي يمنح مناعة دائمة https://t.co/ua80qXZOUZ #صحيفة_المدينة #كورونا 	 6
arabic/1E_favorite query:الصحة تكشف تفاصيل توفير لقاح ضد #كورونا من اربع شركات https://t.co/joJL8U86sz 	 32
arabic/1E_favorite query:وزارة الصحة السعودية🇸🇦 @SaudiMOH تعلن عن تعاون مع شركة كانسينو🇨🇳 لإجراء تجارب إكلينيكية على تطعيم 💉🧬Ad5 vectored COVID-19🧬💉 👥على مالايقل عن5000مشارك في 📍الرياض(التجمع الصحي1+2) 📍الدمام(التجمع الصحي في الشرقية) 📍مكة المكرمة(التجمع الصحي1) https://t.co/VYwugQKn2E (251) https://t.co/eEGjqFsZcg 	 30
arabic/1E_favorite query:الكلام اللي جاي ده لا هو دعاية للقاح كوفيد ١٩ ايا ما كان نوعه و لا ضد فكرة التلقيح..انا مجرد ناقل لتجارب الزملاء اللي اخدوا لقاحات سينوفاك او استرازينيكا تحديدا سوا جوه مصر او فالدول اللي بتتعامل بيهم في التلقيح..تمام؟ طيب..أغلب الأعراض الجانبية mild and can be tolerated 	 31
arabic/1E_favorite query:في خطاب لـ #ترمب بعد قبوله رسمياً ترشيح الحزب الجمهوري له لولاية رئاسية ثانية، أكد أن وباء #كورونا سيتم "تدميره" وسينتج لقاح لمكافحته هذا العام، فيما حذر من منافسه الديمقراطي جو بايدن قائلاً إنه سيدمر "العظمة الأمريكية" https://t.co/tu5trQo706 	 27
arabic/1E_favorite query:🔴بوتين يعلن عن تسجيل أول #لقاح ضد #فيروس_كورونا في العالم⁦⬇️⁩ . https://t.co/hZFMDxp8Y3 . #صحيفة_غراس https://t.co/uI4ltPgqJA 	 2
arabic/1E_favorite query:عاجل 🔴  .  . في خبر مُبشر و مُطمئن لسكان العالم ..  النمسا تعلن نجاح تجارب دوائين تخفف عدوى وأعراض فيروس كورونا بنسبة 90% .  .  . النمسا 	 7958
arabic/1E_favorite query:مستشارة #البيت_الأبيض لمكافحة #كورونا: لا ينبغي للناس انتظار اللقاح لفعل الشىء الصحيح #الولايات_المتحدة #فيروس_كورونا #كوفيد_19 #بوابة_الأخبار https://t.co/x20YuMl5qs 	 4
arabic/1E_favorite query:الغريب في اللقاح الروسي لـ #كورونا ان التصريح يا من الرئيس الروسي دون الرجوع لمنظمة الصحه العالميه مما يدل على ان المنظمة من منظور الروس مجرد منظمة تخدم اجنده لجهات ذات سياده محدوده ! 	 2
arabic/1E_favorite query:🔴عاجل بخصوص اعلان #روسيا للقاح #كورونا المرتقب اليوم ، تم اعلانه عن طريق الرئيس الروسي بوتين شخصياً يذكر ان اللقاح تم العمل عليه من قبل شركة روسيه بالتعاون مع وزارة الدفاع الروسية https://t.co/7n9Y96x7PD 	 0
arabic/1E_favorite query:تسعة مراكز حصيلة المراكز المخصصة لاخذ لقاح كورونا بالقصيم والعدد قابل للزيادة . باسم الجميع شكرا للدكتور سلطان الشائع لمتابعته واهتمامه الدائم وتتويج الدعم الحكومي بالانجاز لمافيه مصلحة المواطن والمقيم @tfrabiah @SaudiMOH @ClusterQassim #التجمع_الصحي_بالقصيم https://t.co/4i0aPDkAxa 	 516
arabic/1E_favorite query:كليتا القانون والسياسات العامة بجامعة حمد بن خليفة تنظمان ندوة لمناقشة قضايا العدالة في توزيع لقاح كوفيد-19 https://t.co/oKcIFeBCFp 	 0
arabic/1E_favorite query:#مصر تعلن موافقة الاتحاد العالمي للأمصال على توفير حصة من لقاح فيروس كورونا حال تصنيعه 	 9
arabic/1E_favorite query:#روسيا تعلن تسجيل أول لقاح لفيروس #كورونا في العالم الأسبوع المقبل https://t.co/0mzVq8qBjm 	 11
arabic/1E_favorite query:وكالة: #فيتنام ستشتري اللقاح الروسي ضد #كورونا . #روسيا #كوفيد_19 #بوابة_الأخبار https://t.co/3zFNNLL9nk 	 0
arabic/1E_favorite query:عاجل 🔴 . . روسيا تعلن رسمياً: ثلاث شركات روسية ستبدأ خلال الشهر المقبل، الإنتاج التجاري لأول لقاح ضد فيروس كورونا . (تاس) . . روسيا 	 1097
arabic/1E_favorite query:@khaledbahrain @manamavoice1 شركة استرازينكا والمتعاونة مع جامعة اوكسفورد لانتاج لقاح الكورونا تمنح حصانة ضد اي قضايا مستقبلية ترفع في حال حدوث اضرار من اللقاح. يعني بالعربي تاخذ اللقاح على مسؤوليتك، تمرض،حدث لك مكروه لا سمح الله مو شغلي #لقاح_أكسفورد #كورونا #تطعيم_كورونا https://t.co/DhkII7tCUC 	 11
arabic/1E_favorite query:قد يحتاج الناس إلى التطعيم ضد Covid-19 سنويًا ، تمامًا مثل لقاحات الأنفلونزا الموسمية ، على مدى السنوات العديدة القادمة ، وفقًا لما قاله الرئيس التنفيذي لشركة Johnson &amp; Johnson Alex Gorsky لشبكة CNBC يوم الثلاثاء. https://t.co/E84Y0r2sY9 	 5
arabic/1E_favorite query:#هام 🔴 . . في حين يتسابق العلماء في كل من روسيا وبريطانيا لإيجاد لقاح فعال .. #الصين تفجر مفاجأة : بدأنا استخدام لقاح ضد #كورونا (كوفيد 19) رغم عدم اكتمال التجارب السريرية المفروضة. (عكاظ) . . https://t.co/2FCX1KtCV6 	 42
arabic/1E_favorite query:#المكسيك تسعى لتحالفات دولية بغية لقاح #كورونا للتفاصيل: https://t.co/FVftBmxbrz #نتصدر_المشهد #COVID19 https://t.co/COAlsJtbEe 	 6
arabic/1E_favorite query:تعافي #الاقتصاد في العالم قد يتأخر حتى إيجاد #لقاح #أخبار_الآن #فيروس_كورونا https://t.co/4FjpTNug5A 	 10
arabic/1E_favorite query:لقاح #كورونا المصري.. "خبر هام" في غضون أسبوعين https://t.co/Hf66SQlcXu 	 233
arabic/1E_favorite query:عاجل.. #أحمد_موسى يعلن وفاة لواء بالجيش أثناء مشاركته فى عمليات التعقيم ضد #كورونا https://t.co/H8cVPCIlkB 	 870
arabic/1E_favorite query:مناعة لمدة عامين.. تفاصيل أول لقاح روسي ضد #كورونا https://t.co/SUIL8KDCLL 	 42
arabic/1E_favorite query:📹 أكدت منظمة الصحة العالمية الاثنين أنه قد لا يكون هناك "حل سحري" لفيروس #كورونا المستجد، رغم المساعي الدولية لتطوير لقاح فاعل للفيروس. #فرانس_برس https://t.co/uLw0nKm1Nc 	 39
arabic/1E_favorite query:الحكومة الأميركية تعقد أكبر صفقة لقاح لكوفيد-19، وتأتي هذه الاتفاقية ضمن برنامج إدارة الرئيس الأميركي دونالد #ترمب الذي يهدف إلى التعجيل بطرح لقاح للوباء في السوق بحلول نهاية 2020 #فيروس_كورونا #اندبندنت_عربية_تغنيك https://t.co/CM2e9fsPW4 	 42
arabic/1E_favorite query:#بوتين يدافع عن لقاح #كورونا الروسي ويعلن آخر جديدًا في سبتمبر المقبل https://t.co/Nes26aMIHq 	 14
arabic/1E_favorite query:بوتين يعلن تسجيل أول لقاح ضد فيروس #كورونا في العالم للتفاصيل: https://t.co/gOmz6t0uEp #نتصدر_المشهد #COVID19 https://t.co/5UXflmugsU 	 11
arabic/1E_favorite query:خبير فرنسي فائز بنوبل يثير عاصفة: #كورونا نجم عن محاولة إنتاج لقاح لفيروس #الإيدز https://t.co/LXnLHxxfeE 	 9
arabic/1E_favorite query:#الهند تحصل على اللقاح الأول ضد #كورونا بحلول نوفمبر المقبل https://t.co/8LoJx41oec 	 57
arabic/1E_favorite query:إعفاء متطوعي تجارب لقاح "كوفيد-19" من أي فحوصات خارج نطاق برنامج التجارب للتفاصيل: https://t.co/50Ou5B80nl #نتصدر_المشهد #انت_مسؤول #COVID19 https://t.co/XcxponBSCq 	 6
arabic/1E_favorite query:وزير الصحة هرب ستة آلاف لقاح كورونا ل حزب الله! 	 51
arabic/1E_favorite query:سبوتنيك .. قمر صناعي ولقاح نشر الإعلام الروسي إعلان الرئيس بوتين توصل بلاده لأول لقاح في العالم لمكافحة فيروس كورونا المستجد. قام الإعلام الغربي بالتشكيك، ورد الإعلام الروسي باستعراض تاريخ روسيا الحافل في علم الفيروسات. 	 176
arabic/1E_favorite query:في تطوّر بارز على مستوى الجهود العالمية الرامية إلى مواجهة فيروس #كورونا المستجد، أعلنت شركة جونسون أند جونسون العملاقة أنها أبرمت صفقة بقيمة مليار دولار مع الحكومة الأميركية بهدف توفير أكثر من مليار جرعة من لقاح تجري عليه اختبارات لمحاربة كورونا. 	 1
arabic/1E_favorite query:أول لقاح ل #COVID19 يأتي من روسيا وباسم #Sputnik لتذكير أمريكا بانها سبقتها بالعلوم ! #الحرب_الباردة 	 2
arabic/1E_favorite query:الشباب والعواجيز اللي لسه ماخدوش تطعيم، خشوا سجلوا https://t.co/lPAcYZBD8r 	 2
arabic/1E_favorite query:أول لقاح لفيروس #كورونا "سبوتنيك V" #هلا_أخبار #فيروس_كورونا #روسيا https://t.co/938aMK14LK 	 9
arabic/1E_favorite query:بمشاركة عشرات الآلاف.. #روسيا تبدأ بدراسة المرحلة الثالثة من لقاح #كورونا للتفاصيل: https://t.co/q7ZDq4CFgk #نتصدر_المشهد #COVID19 https://t.co/FDjqhOZ0Kt 	 3
arabic/1E_favorite query:سجّلت #روسيا أول لقاح ضد فيروس #كورونا في العالم، وفق إعلان الرئيس الروسي بوتين، الذي قال إن اللقاح يعمل بشكل فعال للغاية، ويشكل مناعة مستقرة. https://t.co/MXQaPpaEJY 	 281
arabic/1E_favorite query:أعلن الرئيس الروسي فلاديمير #بوتين أن بلاده طورت "أول" لقاح ضد #كورونا المستجد مؤكدا أنه يوفر "مناعة مستدامة". وأكد أن إحدى بناته تلقت اللقاح الذي طوره مركز نيكولاي غاماليا للأبحاث في علم الأوبئة وعلم الأحياء الدقيقة بالتعاون مع الدفاع الروسية. https://t.co/CXfELpBiiv #فرانس_برس https://t.co/Nz9JuGnWAO 	 45
arabic/1E_favorite query:الدكتور ليث أبو رداد : كل يوم نتقدم في مواجهة وباء كورونا لكن ما زال الطريق طويلاً ولن ينتهي غداً وإذ كنا متفائلين سوف ينتهي الوباء بنهاية العام القادم ، ونهاية فيروس كورونا تحتاج إلى لقاح وإلا سوف يصعب التغلب عليه #المسافة_الاجتماعية #تلفزيون_قطر https://t.co/jvb8qRTt9p 	 4
arabic/1E_favorite query:جامعة #كامبريدج تحصل على تمويل من #الحكومة_البريطانية لتطوير لقاح يعالج عدة أنوع من فيروس #كورونا https://t.co/3q99nds4GO https://t.co/8R4SOrsytW 	 3
arabic/1E_favorite query:الصحة الوقائية ومنع العدوى في الصين Wu Zunyou, Chinese Center for Disease Control and Prevention لم يتم عزل فيروس كورونا المستجد التعليق .اذا لم يعزل الفيروس !!! كيف تصنعون لقاح لفيروس لم تعزلوه ام الهدف فقذ تطعيم الناس من اجل اجندة خبيثة https://t.co/rfslTkBN6n 	 2
arabic/1E_favorite query:وبذلك يصبح العدد الإجمالي لحالات فيروس كورونا الجديد في المملكة (٣٩٢)، تعافت (٨) حالات إضافية، ليكون إجمالي الحالات المتعافية (١٦) حالة بحمد الله،  والحالات المتبقية معزولة صحيًا وتتلقى العناية الطبية اللازمة. 	 4079
arabic/1E_favorite query:#عكاظ ترصد آخر تطورات ابتكار لقاح وأدوية لـ #كوفيد_19 جشع الأغنياء.. شعار «ماراثون اللقاح» #ان_تكون_اولا #تطبيق_عكاظ #كورونا #corona https://t.co/lr4moFJHos 	 117
arabic/1E_favorite query:وزارة الصحة الروسية تعلن نجاح تجاربها السريرية على لقاح ضد فيروس كورونا https://t.co/B3AYwnV8ED 	 13
arabic/1E_favorite query:٢ مليار دولار دعم + ١.٦ مليار عقد شراء أول دفعة وقدرها ١٠٠ مليون جرعه وعليكم الحساب كم تطلع تكلفة جرعة لقاح #كورونا شكراً يا جميل @alhamalhu على التحديث https://t.co/ggs3sgQqTg 	 4
arabic/1E_favorite query:البرازيل تسمح بتجربة لقاح صيني ضد #كورونا https://t.co/zGCgxQhOG4 https://t.co/gD16orSHYJ 	 3
arabic/1E_favorite query:⚡️ “تسجيل أول لقاح ضد فيروس كورونا في العالم” https://t.co/T7u4whrEr3 	 6
arabic/1E_favorite query:بوتين: روسيا تطور أول لقاح يوفر مناعة مستدامة ضد #فيروس_كورونا https://t.co/VB6uHQGdgX https://t.co/WVEs5jjRp9 	 15
arabic/1E_favorite query:#دولي 50 مليون جرعة.. اتفاق بين إندونيسيا وسينوفاك الصينية للحصول على لقاح كورونا . السبت (22 أغسطس 2020) . وقعت إندونيسيا اتفاقاً مع شركة "سينوفاك بايوتك" الصينية للحصول على 50 مليون جرعة من لقاح فيروس كورونا… https://t.co/opge6w012Z 	 1
arabic/1E_favorite query:@FaisalAlBasri الافضل ان تاخذ نفس اللقاح على جرعتين، لكن في حال عدم توفر اللقاح نفسه عند اخذ الجرعه الثانية يمكن ان تاخذ لقاح اخر. كل هذا مشروط بتوفر اللقاح، هذا بالنسبه للقاحي Pfizer and moderna، بالنسبة للقاح Johnson &amp; Johnson فهو بالاساس ابرة واحدة فقط. اما لقاح oxford فلا اعلم. 	 0
arabic/1E_favorite query:#عاجل | #منظمة_الصحة_العالمية: لا نتوقع إنتاج لقاح ضد فيروس #كورونا قبل سنة على الأقل #مرسال_قطر https://t.co/uyZhmwod24 	 141
arabic/1E_favorite query:اعلن الرئيس الروسي بوتين ان السلطات الطبية الروسية وافقت على تسجيل اول لقاح ضد فيروس كورونا وابنته تقلت جرعة من هذا اللقاح الذي يشكل مناعة قوية ضد الفيروس https://t.co/zs3Ry52wdh 	 114
arabic/1E_favorite query:#عاجل #روسيا تعلن رسميا أنها طورت أول لقاح ل #كورونا والرئيس الروسي فلاديمير بوتين يقول إن ابنته تلقت جرعة من اللقاح الجديد 	 47
arabic/1E_favorite query:- خبر رائع وهام جدآ .. "لقاح #كورونا المصري،سيتم العمل علي التجارب السريريه من المرحله الثالثه في غضون أسبوعين" - الفريق البحثي بصدد التحضير للدفعة الأولى من جرعات اللقاح بعد تصنيعه للدخول في التجارب السريرية على عدد كبير من المتطوعين،يتراوح بين 10 إلى 15 ألف شخص.. #تحيا_مصر✌️🇪🇬 https://t.co/LH3xY2PfFe 	 273
arabic/1E_favorite query:#واشنطن - ترمب : لقاح كورونا سيتوفر لدينا قبل موعد الانتخابات لمشاهدة النشرة كاملة اضغط على الرابط https://t.co/Nkcaqttqk2 #شبكة_الإعلام_العراقي #مديرية_الإعلام_الالكتروني https://t.co/h09cvE4GoF 	 19
arabic/1E_favorite query:#باكستان تعتزم إجراء تجارب سريرية على لقاح صيني ضد #كورونا للتفاصيل: https://t.co/M7C4b2MdMZ #نتصدر_المشهد #COVID19 https://t.co/vVH3ztjYH8 	 7
arabic/1E_favorite query:#صور التزام سكان محافظة #جدة تفاعلاً مع التوجيهات الصادرة بعدم الخروج للأماكن العامة إلا للضرورة للحد من انتشار فيروس #كورونا https://t.co/7DEEUaHGVI 	 4178
arabic/1E_favorite query:🔴برغم أن الأرقام الأولية تشير إلى أن أقل من 1% مو سكان الكرة الأرضية أصيبوا ب #فيروس_كورونا..يحذر الخبراء من موجة تفشي كبيرة في الخريف والشتاء وحتى في عام في عام 2021! ل #جائحة_كورونا #Covid_19 📌إذا تم تخفيف القيود ووقف التباعد الجسدي وعدم اكتشاف لقاح أو دواء للجائحة! لا نتسرع https://t.co/5IfbdJtCAP 	 31
arabic/1E_favorite query:بوتين يعلن عن تسجيل أول لقاح فالعالم ضد فيروس كورونا .طفي نفس اليوم الذي أعلن فيه صالح جعودة عضو المؤتمر الوطني سابقاً عن نظرية التل ... في عام 2015 ! https://t.co/0ObWbh8fq1 	 54
arabic/1E_favorite query:كيف يواجه مريض القلب كورونا؟ مع د. وليد رحمه استشاري أمراض القلب - #قطر تبدأ في إنتاج أجهزة تنفس اصطناعي بهدف تغطية متطلبات القطاع الصحي في البلاد والتصدير للخارج - شركة الأدوية "فايزر" تقول إنها قد يكون لديها لقاح فيروس كورونا جاهز بحلول الخريف https://t.co/PrOyKy5qz6 	 17
arabic/1E_favorite query:سانوفي وغلاكسو سميث كلاين تعدان بريطانيا بستين مليون جرعة لقاح محتمل ضد #كورونا #جريدة_الراية | #لأجل_قطر_كلنا_في_البيت https://t.co/FGjvP8BnE3 	 7
arabic/1E_favorite query:#الأردن يبدأ تجارب سريرية لاختبار لقاح "صيني" ضد #فيروس_كورونا https://t.co/RX9fLVizwO 	 43
arabic/1E_favorite query:الوقت قد حان لحماية أنفسنا.. رغم انتظارنا للقاح فيروس #كورونا يجب ألا ننسى هذا اللقاح المهم.. فما هو؟ شاهد هذا التقرير https://t.co/Zg9Hcnu8xP 	 35
arabic/1E_favorite query:أعلنت شركة "أسترازينيكا" للأدوية حصولها على أكثر من مليار دولار من هيئة البحث والتطوير الطبي الحيوي الأمريكية لتطوير لقاح فيروس كورونا من جامعة أكسفورد https://t.co/VlXBhIH2cf 	 0
arabic/1E_favorite query:#مع_الحكيم #دراسة أمريكية تربط بين لقاح السل وضعف عدد الوفيات ببعض الدول 💉 التفاصيل 👇 #كوفيد19 #covid19 #corona #كورونا_المستجد https://t.co/DwcWmKTlfC 	 0
arabic/1E_favorite query:رئيس الصندوق السيادي الروسي: 20 دولة أجنبية طلبت مسبقاً أكثر من مليار جرعة من اللقاح الروسي المضاد لفيروس #كورونا #الحرير_نيوز https://t.co/rUUrwu6O6V 	 1
arabic/1E_favorite query:ثلث الأميركيين يرفضون الحصول على لقاح #كورونا "حتى لو كان مجانا". #الولايات_المتحدة #بوابة_الأخبار https://t.co/t2z4DjptC6 	 1
arabic/1E_favorite query:لقاح اكسفورد ننتظر نتائجه .. عموماً كما يتضح لي ولكم أن اللقاح بدأت العديد من الدول في حجز دفعات ضخمة ، وهذا ربما يؤكد أن اللقاح نتائجه تسير وفق معطيات إيجابية جداً 👍🏻 https://t.co/mWwFemZKka 	 15
arabic/1E_favorite query:رائد علم الأوبئة في الولايات المتحدة الأمريكية ورئيس فريق مكافحة وباء كورونا في البيت الأبيض د. آنتوني فاوتشي: "تطعيم #كورونا سيتوفر غالباً في الولايات المتحدة في الربع الأول من عام ٢٠٢١ .." المصدر: صحيفة نيويورك تايمز https://t.co/POzLcD6CtV 	 7
arabic/1E_favorite query:عاجل 🔴 . . منظمة الصحة العالمية: الوصول لمناعة القطيع بشكل طبيعي سيتسبب بموت الكثيرين .. و نعمل على لقاح فعال ضد فيروس كورونا . . . جنيف 	 113
arabic/1E_favorite query:قالوا من وين عرفت انها كذبة قال من كبرها ... 📌 #مصر تكذب مجددا .. تم الاعلان عن طرح اول لقاح للوقاية من #كورونا اول سبتمبر ... ⛔️ دول العالم مجتمعة ما لقت علاج هذا يقول لك لقاح ضد الاصابة.. سياسة مقصة وتخدير شعوب 	 44
arabic/1E_favorite query:الرئيس الروسي فلاديمير بوتين يعلن تسجيل أوّل لقاح في العالم مضادّ لفيروس #كورونا. بارقة أمل وسط كلّ هذا الأسى.. https://t.co/xbaqDxlMDv 	 11
arabic/1E_favorite query:لنبعث #الاطمئنان لقلوبكم نبلغكم بأنه بحمد الله تم افتتاح اكثر من (١٠٠) مركز للقاحات كورونا في كافة مناطق المملكة سجل الان عبر تطبيق #صحتي لأخذ اللقاح #لنتعاون_معا #جرعة_اطمئنان #كورونا #لقاح_كورونا #كوفيد #امان #صحة https://t.co/pp6wIgdEpd 	 5
arabic/1E_favorite query:يبدو أن العالم مقبل على خريف وشتاء ساخن بالحالات، 8 حالات مثبته وأعراض أشد في البعض ولكن لاوفيات حتى الأن ولله الحمد، طبعا العدد الحقيقي أعلى بكثير وذلك لصعوبة الإثبات . نظرية مناعة القطيع تتأكل والأمل في الله ثم لقاح فعال. حمى الله الجميع وعليكم بإتباع تعليمات وزارة الصحة . https://t.co/0ol2WtGthU 	 2
arabic/1E_favorite query:🚨| الرئيس الروسي فلاديمير بوتين يعلن تسجيل أول لقاح في العالم مضاد لفيروس #كورونا . وأبنته أول من أخذ اللقاح. https://t.co/9tFETJlee8 	 5
arabic/1E_favorite query:عاجل | ترمب: سيكون لدينا لقاح آمن وسريع وسنقوم بسحق فيروس كورونا 	 31
arabic/1E_favorite query:هدا ما يحصل في بلدي ومن رئيسي وحكومتي ... الاستيلاء علي لقاحات كورونا للمسئولين الحكوميين ورئيس السلطة وحاشيتهم ... رفض قاطع من تيار الاصلاح لما حدث وبيان توضيحي لجريمة النكراء المخزية . https://t.co/Q0F8DDAnd1 	 20
arabic/1E_favorite query:وزيرة الصحة : #مصر تشارك 6 جهات دولية للحصول على لقاحات #فيروس_كورونا للمزيد : https://t.co/iqupvqDMIv https://t.co/X7lRejaXXG 	 12
arabic/1E_favorite query:خطاب مهم للرئيس #ترامب اليوم الفجر ٣ صباحاً ربما يعلن عن إعتماد لقاح #كورونا خطاب يسمي بحالة الاتحاد أمام النواب و الشيوخ الامريكان https://t.co/iE2tpQx3Aw 	 1
arabic/1E_favorite query:#ترامب: "الدولة العميقة" تتعمد إبطاء تجارب لقاحات #كورونا https://t.co/YIgWzAlHte 	 6
arabic/1E_favorite query:الدكتور/ يوسف المسلماني المدير الطبي لمستشفى حمد العام لبرنامج #وطني_الحبيب تم توفير خيار إضافي سهل وآمن للمواطنين والمقيمين من خلال "التطعيم داخل السيارة" هدفنا تطعيم أعداد أكبر من أفراد المجتمع لحمايتهم من مخاطر انتشار الفيروس @HMC_Qatar #اذاعة_قطر #قطر https://t.co/s5RulwIuKm 	 4
arabic/1E_favorite query:المغرب يوقع اليوم الخميس بالرباط، اتفاقيتي شراكة مع المختبر الصيني "سينوفارم" (CNBG) في مجال التجارب السريرية حول اللقاح المضاد لـ"كوفيد-19". #المغرب #الرباط #بكين #الصين #لقاح #فيروس #كورونا https://t.co/Phhkrvewxu 	 49
arabic/1E_favorite query:مسؤولة ملف الصحة بجريدة "الوطن" تكشف الأعراض الجانبية للقاح كورونا 👇🎥 "وتعلق💬 "كأي أعراض لأي لقاح جديد #صباح_الورد #TeNTV https://t.co/KocHUKTJR4 	 4
arabic/1E_favorite query:بوتين يعلن أن ابنته تلقت اللقاح الروسي الجديد ضد فيروس كورونا https://t.co/ETHQU3koRf https://t.co/hGmt5UlRP4 	 29
arabic/1E_favorite query:تتسابق الدول فيما بينها لإنتاج #لقاح_فيروس_كورونا الأكثر فاعلية وتبدوا الأخبار مبشرة في هذا المجال. للمزيد من المعلومات حول لقاح فيروس كورونا يمكنكم القراءة في الرابط التالي: https://t.co/IGKm02jzUN . . . . . #ماكسيموم_للاستشارات_العقارية #خطوة_بخطوة_معكم #فيروس_كورونا #COVID19 https://t.co/3kl5oO6YMF 	 3
arabic/1E_favorite query:أحمد الفضل : في ربكة ونفخ كاذب للارقام و سيندم من يسلم رقبته لمنظمات الصحة العالمية لوجود تضارب مصالح بينها ، وسيكون لنا موقف قاس إذا تم إلزام الناس بالكويت على لقاح #كورونا https://t.co/We6AyXR3VO 	 925
arabic/1E_favorite query:رئيس شركة أدوية عدنان مجلي: إعلان #روسيا عن إنتاج لقاح #كورونا سياسي واقتصادي وليس علميا.. ويتوافر حاليا 100 نوع في مراحل أكثر تقدما #العربية https://t.co/no0H4klqdA 	 24
arabic/1E_favorite query:#الصحة_السعودية اللقاح ضد #فيروس_كورونا : المراحل الأولية أظهرت فاعلية عالية للقاح مع ظهور أجسام مضادة للفيروس ببلازما المتطوعين https://t.co/2OeZvSownG 	 4
arabic/1E_favorite query:الرئيس #ترمب في مقابلة مع فوكس نيوز: نحن على وشك الحصول على #لقاح لفيروس #كورونا .. شخص آخر كان سيستغرق سنوات للحصول عليه https://t.co/XEF3UG2F1O #العربية 	 28
arabic/1E_favorite query:#الصحة تعلن عن تسجيل (٥١) حالة إصابة جديدة بفيروس #كورونا الجديد(كوفيد١٩). https://t.co/VRIfN1YsuH 	 4439
arabic/1E_favorite query:ارتفاع أسعار الذهب مستمره والطلب عليه متزايد. ايران طورت صاروخ ارض ارض أسمته سليماني وهي تهدد به الامارات والمنطقة فيروس كورونا أصبح واقع حال وعلينا التعايش معه ولاعلاج ولا لقاح لحد الان تدهور عملات بعض دول المنطقه والدور الان على الليره التركيه بعد أن تدهورت الليره اللبنانيه 	 13
arabic/1E_favorite query:تأملوا 🤔 في وقت وجميع العالم فرح وعبر عن سعادته لنجاح اللقاح الروسي لفايروس #كورونا والذي بدأ إنتاجه في وقت وتكرر الصحة العالمية إطلاق تصريحاتها القاتمة ان لا يوجد لقاح فعال بشكل كبير حتى الان السؤال هنا ماذا تهدف الصحة العالمية من تكرار هذه التصريحات القاتمة ؟ 	 204
arabic/1E_favorite query:كانسينو تبدأ قريبا المرحلة الثالثة من تجارب لقاح لكوفيد-19 في #السعودية https://t.co/efYPQJtMwh #COVID19 #SAUDI 	 19
arabic/1E_favorite query:عاااجل😍: الرئيس الروسي بوتين يعلن رسميًا عن تسجيل بلاده أول لقاح ضد فيروس كورونا ويعلن ان ابنته أخذت اللقاح بعد اعتماد وزارة الصحة #الاخبار_الحلوه #السناب #مجاهر_الطايف https://t.co/DTzJ48HTdw 	 4
arabic/1E_favorite query:عاجل: روسيا تعلن تسجيل أول لقاح مضاد لفيروس #كورونا في العالم، والرئيس الروسي #فلاديمير_بوتين يقول أنّ ابنته تناولت اللقاح الجديد. 	 44
arabic/1E_favorite query:الرئيس الأميركي دونالد #ترمب: نأمل أن يكون لقاح #كورونا الروسي فعالاً #الشرقية_نيوز https://t.co/XJuuGeGkAi 	 82
arabic/1E_favorite query:بعد أقل من 10 أيام من هذه التغريدة..ألقى #اردوغان خطاب “صوتي” وهو مختبئ وناشد شعبه البقاء في منازلهم وتم الإعلان عن 21 وفاة بسبب #كورونا ..هذا جزاء شماتتهم https://t.co/vWRQvmxtw0 	 569
arabic/1E_favorite query:#روسيا تعلن بدء تسليم الدفعات الأولى من لقاح #كورونا في سبتمبر https://t.co/eSOuh5BClQ 	 10
arabic/1E_favorite query:باحثون صينيون يبدأون المرحلة الثانية من تطوير لقاح محتمل لفيروس كورونا https://t.co/3EbcdatnHC #COVID19 	 15
arabic/1E_favorite query:🧪 أخبار لقاحات #فيروس_كورونا | 🛎 ستقوم #الولايات_المتحدة بدفع 2.1 مليار دولار لشركة جلاكسو وسانوفي لإنتاج لقاحات ضد الفيروس لما يصل إلى 50 مليون شخص. 🛎 توقعات ببداية توزيع لقاح اكسفورد خلال شهر أكتوبر القام بعد بداية تجارب المرحلة السريرية الثالثة بعد نجاح أول مرحلتين. https://t.co/JJAbjQhcra 	 84
arabic/1E_favorite query:ترامب : سيكون لدى الولايات المتحدة لقاح ضد فيروس #كورونا كورونا بحلول نهاية العام 	 2
arabic/1E_favorite query:#روسيا تعد بتوفير ملايين الجرعات من لقاح #كورونا العام المقبل #سكاي_أخبار https://t.co/p6iGBdEBDc 	 38
arabic/1E_favorite query:الجدل مستمر حول لقاح #كورونا الروسى.. إجراء تجارب المرحلة الثالثة ببلدان مختلفة.. الهند تنفى التعاون لاستكمال الأبحاث.. #البرازيل و #الفلبين تحت أنظار العلماء الروس..ومخطط لإنتاج 200 مليون جرعة بالشراكة مع دول أخرى https://t.co/MycLb3rdMX 	 28
arabic/1E_favorite query:بيان صحفي السودان يستلم الدفعة الأولى من لقاحات "كوفيد-19" والتي تحتوي على اكتر من 800،000 جُرعة يعتبر السودان أول دولة في الشرق الأوسط وشمال إفريقيا تحصل على اللقاحات عبر مرفق كوفاكس سوف تُعطى الجرعات الأولية للعاملين في مجال الرعاية الصحية https://t.co/IKwTWS98Ju 	 58
arabic/1E_favorite query:أوروبا تبرم اتفاقية لشراء 400 مليون جرعة لقاح لـ #كورونا https://t.co/W9durE1wJR #كوفيد_19 #فيروس_كورونا #COVID19 #البيان_القارئ_دائما https://t.co/zSWUbsi9fi 	 1
arabic/1E_favorite query:#عبدالله_بن_زايد ينشر مقطع فيديو يوضح مراحل تطوير لقاح #كورونا في #أبوظبي بعد تقدم ألاف المتطوعين للتجربة. @ABZayed #البيان_القارئ_دائما https://t.co/NKfnWQhIa2 	 75
arabic/1E_favorite query:وسائل اعلام صينية تنقل ان #الصين تقر استخدام أول لقاح لفيروس #كورونا المستجد في تجارب سريرية 	 81
arabic/1E_favorite query:ثغرة في لقاح فيروس كورونا الروسي #عاجل https://t.co/4YtKYToLuy 	 37
arabic/1E_favorite query:الصين تسرع اجراءاتها وتعلن ان اللقاح ضد الكورونا COVID-19 سيكون متوفرا بعد اكمال المرحلة الثالثة phase III في شهر ديسمبر هذا العام وسيكون بحقنتين و بسعر 144 دولار كاملاً، وسيفر مناعة سنتين. د. حيدر سلمان https://t.co/mzz9Ti006Q 	 7
arabic/1E_favorite query:غردت بداية أزمة #كورونا ..#COVID19 عن أن الفيروس من جنس مشهور بتحوره وتغيره السريع ، وكان التساؤل يومها : ماقيمة انتاج لقاح يستغرق أشهرًا طويلة وربما سنوات يكون حينها الفيروس قد أخذ شكلا آخر !؟ الآن هاهي منظمة الصحة العالمية تقول ان هناك مايشير لتحور الفيروس ! طيب واللقاح !؟ https://t.co/Kz1r9Yt6bt 	 1
arabic/1E_favorite query:المهم بالموضوع ان لقاح اكسفورد ارخص من فايزر بكثير! سعر اكسفورد للقاح الواحد 4$ سعر فايزر للقاح الواحد 20$ مو بس هنا تكمن المقارنة، لقاح اكسفورد سهل جداً بالحفظ فقط يحتاج درجة تجميد عادية مثل اي فريزر عكس فايزر يحتاج درجة تجمد تصل الى -50 تحت الصفر ! فصعب حفظه ونقله 	 4
arabic/1E_favorite query:#فيديو | ابنة الرئيس الروسي تتلقى اللقاح الذي أعلن عنه فلاديمير #بوتين اليوم كأول لقاح لـ #كورونا في العالم #جريدة_الراية | #لأجل_قطر_كلنا_في_البيت | #روسيا https://t.co/wDlqKWnkSL 	 16
arabic/1E_favorite query:#عاجل : #بوتين يعلن تسجيل #روسيا لأول لقاح ضد #كورونا في العالم https://t.co/tO6lT4ZM6L 	 42
arabic/1E_favorite query:الصحة: من تلقى لقاح كورونا وتجاوز بعد استكمال التحصين من 2 إلى 3 أسابيع لا يلزم له الحجر بعد مخالطته لمصاب. 	 2181
arabic/1E_favorite query:كل ما تحتاج معرفته عن أخذ لقاح كورونا للمصابين سابقاً بالفيروس، أو المصاب بالفيروس بعد أخذ الجرعة الأولى. https://t.co/Ryv00axpkq 	 985
arabic/1E_favorite query:#بن_بوزيد : 🔴الجزائر ستكون من أوائل الدول التي تقتني #اللقاح المضاد لفيروس #كورونا 🔴اللجنة العلمية هي التي ستحدد الكمية المطلوبة والفئات التي ستحظى بالأولوية ⬇️⬇️⬇️ https://t.co/vtEy3EVPGo https://t.co/8BEJMx9KNv 	 113
arabic/1E_favorite query:وتأتي تصريحات الرئيس الفلبيني، قبل وقت وجيز من إقرار روسيا أول لقاح رسمي في البلاد ضد كورونا. وأعربت موسكو عن استعدادها لإمداد الفلبين وغيرها من الدول باللقاح أو التعاون مع شركة محلية لإنتاجه بكميات كبيرة. #كوفيد19 #covid19 #corona #كورونا_المستجد 	 1
arabic/1E_favorite query:الحكومة السويسرية تعلن عن توصلها إلى اتفاق مع شركة مودرنا الأمريكية للحصول على لقاح #كورونا الذي تنتجه ووصل إلى مرحلة متقدمة من التجارب السريرية #سويسرا #COVID19 https://t.co/7J2PIXd1aI 	 11
arabic/1E_favorite query:#بوتين يعلن عن نجاح #روسيا عن انتاج لقاح مضاد لفايروس #كورونا 👍🏻 👇🏼 https://t.co/f08na2KoOf 	 4
arabic/1E_favorite query:عاجل | وزير الخارجية الأمريكي مايك #بومبيو: نبذل المزيد من الجهود من أجل التوصل إلى لقاح لفيروس #كورونا • #الولايات_المتحدة تقدم لمنظمة الصحة العالمية 400 مليون دولار وهو عشر أضعاف الدعم الذي تقدمه #الصين • نهتم بمصلحة الشعوب أكثر من الأنظمة الحاكمة في عدة دول 	 76
arabic/1E_favorite query:في مصنع الأسلحة البيولوجية.. #روسيا تنتج "لقاح #كورونا الثاني" | #سكاي_أخبار https://t.co/qaNleCyJQm 	 78
arabic/1E_favorite query:بيل جيتس المتحدث باسم منظمة الصحة العالمية والطب في العالم يقول شغالين على 100 لقاح فيروسي لحمايتكم من فيروس كورونا حيث سيدخله بجسد 7 مليارات إنسان خلال 18 شهرا https://t.co/pf0eoV8uDk 	 360
arabic/1E_favorite query:غير قريب.. توقع بريطاني متشائم بشأن موعد لقاح #كورونا | #كوفيد_19 #Covid_19 #corona https://t.co/bbF8E7USw1 	 38
arabic/1E_favorite query:فكوا اللغز العام ذروة الفايروس حد اقصى الحالات ١١٥٠ من غير توفر لقاح اليوم مع اللقاح عدد الإصابات ١٣٥٠ في شي غلط 🤷🏻‍♂️ ..... 	 309
arabic/1E_favorite query:استشارى مناعة: اللقاح الروسى لـ #كورونا لم يخضع لكافة التجارب السريرية.. فيديو #روسيا https://t.co/CrsTlyl5bB 	 19
arabic/1E_favorite query:#جامعة_الجوف توقع اتفاقية مع وزارة الصحة لإنشاء مركز تقديم لقاحات فيروس كورونا (كوفيد - 19). #نتعاون_مانتهاون #لقاحك_أمانك #علاقة_الجامعة_بالمجتمع https://t.co/zkUvvL61zr https://t.co/SL9nejZQrM 	 17
arabic/1E_favorite query:#تطمن .. #لقاح_كوفيد_١٩ آمن لمرضى الربو السكري الضغط المرتفع الكوليسترول #كورونا #كوفيد_19 #وزارة_الصحة https://t.co/BTckeaowkX 	 3
arabic/1E_favorite query:لحمدلله واخيراا طلع لقاح للكورونا من روسيا ويوم الاربعاء بكون وصل اللقاح ل١٥ دوله ومن بيناتن سوريا😍😍❤❤❤👏👏 وأخيرا #كورونا #COVID19 	 8
arabic/1E_favorite query:خبر سار | يوم الأربعاء القادم سيشهد التسجيل الرسمي لأول لقاح بالعالم ضد فيروس كورونا والذي طوره علماء روس المصدر : قناة روسيا اليوم https://t.co/U3grJz3JyD 	 17
arabic/1E_favorite query:ألفا وفاة بكورونا في أمريكا.. وروسيا تستعد لتجريب لقاح جديد تخطي الحجب: https://t.co/qBC1AXIvqZ للمزيد: https://t.co/YGBo8sqp2T #مباشر #كورونا 	 0
arabic/1E_favorite query:معالي وزير #الصحة توفيق الربيعة لقناة ( العربية ) سيتم تمديد #التعليم عن بعد في حال عدم توفر لقاح ضد فيروس #كورونا #صحيفة_خبر_الالكترونيه #نعود_بحذر https://t.co/453TBs7xrH 	 13
arabic/1E_favorite query:#تقارير_الاقتصادية | أسهم 18 شركة عالمية تطور لقاح #كورونا تقفز بين 17 و1892% منذ منتصف مارس - قيمتها السوقية بلغت 1.8 تريليون دولار https://t.co/ekFm8XUd7R #انفوجرافيك_الاقتصادية #عاجل https://t.co/95P5Wga3Vl 	 11
arabic/1E_favorite query:تحتاج #روسيا إلى تدعيم مكانتها الدولية في ظل حالة التنافس الدولي، وبالتالي النجاح الذي حققته بالتوصل إلى لقاح لفيروس #كورونا سينعكس على مجمل علاقاتها وتشعّبات تمددها في مختلف القارات ، وهذا سبب الغضب الغربي الذي يحاول التقليل من أهمية الإنجاز الروسي ،، 	 10
arabic/1E_favorite query:#روسيا #Russia تعلن الموافقة على اول لقاح لفيروس #كوفيد_19 في العالم وابنة الرئيس الروسي تتلقى اللقاح #كوفيد١٩ #RussianVaccine #وزارة_الصحة https://t.co/bvEMcxCE5x 	 1
arabic/1E_favorite query:#روسيا تعلن موعد طرح لقاح #كورونا للعالم.. 20 دولة طلبت للحصول عليه. https://t.co/GliBQp8srS https://t.co/kddWBDlG3e 	 65
arabic/1E_favorite query:#روسيا: العاملون بالرعاية الطبية سيتلقون لقاح فيروس #كورونا خلال أسبوعين https://t.co/gWJdRi8v95 https://t.co/DBco4bnb3y 	 18
arabic/1E_favorite query:ترمب يعلن عزم إدارته شراء 100 مليون جرعة من لقاح تجريبي لفيروس #كورونا من شركة أميركية https://t.co/gRhGEJHcBZ 	 40
arabic/1E_favorite query:«#وزارة_الصحة»: الدفعة السابعة من لقاح «فايزر- بيونتيك» المضاد لـ #كورونا تصل البلاد بداية الأسبوع المقبل https://t.co/ydcEtARib1 	 1
arabic/1E_favorite query:اسئلة شائعة عن تطعيم الكورونا وإجابات مختصرة، لنتجنب الشائعات https://t.co/pMAEElnzHN 	 2
arabic/1E_favorite query:قد يبدأ لقاح #فيروس_كورونا المعتمد على التبغ التجارب السريرية في غضون أسابيع https://t.co/6qyoeKhE8K 	 5
arabic/1E_favorite query:وزير الصحة خالد آيت الطالب يؤكد أن المغرب سيشارك في التجارب السريرية المتعلقة بـ"كوفيد 19" للحصول على الكمية الكافية من اللقاح المضاد للفيروس في آجال مناسبة. #كوفيد_19 #صحة #فيروس #كورونا #covid19 #كورونا_المغرب #المغرب #لقاح #روسيا https://t.co/hzKpWuKm5T 	 72
arabic/1E_favorite query:الصحة الروسية: إنتاج أول لقاح روسي ضد #كورونا سيبدأ في موقعي مركز "غمالي" وشركة "بينوفارم" الشهر المقبل. 	 75
arabic/1E_favorite query:تحذيرات من لقاح #كورونا الروسي على الأعمار السنية تحت 18 وفوق 60 عامًا https://t.co/qqgNEfJMNm 	 37
arabic/1E_favorite query:#السبلة_العمانية / #اللقاح ضد " #كوفيد_19 " سيتم تسجيله الأسبوع المقبل #فيروس_كورونا https://t.co/8MSNZHHt4n 	 16
arabic/1E_favorite query:#أمريكا تبرم صفقة بقيمة 1.5 مليار دولار مع #مودرنا لقاء 100 مليون جرعة من لقاح #كورونا #الغد_المشرق https://t.co/o4irsOChGK 	 9
arabic/1E_favorite query:أخبار بي بي س - فيروس كورونا: فرنسا تتراجع عن موقفها بشأن لقاح أسترازينيكا لمن تجاوزوا 65 عاما https://t.co/7VXw1x7G3v 	 0
arabic/1E_favorite query:ابنة الرئيس الروسي فلاديميربوتين تتلقى اللقاح الذي أعلن عنه كاول لقاح #كورونا بالعالم... https://t.co/BGTA0a0jFP 	 9
arabic/1E_favorite query:عاجل - الخبير الصحي فاوتشي يتوقع وجود لقاح فعال لفيروس #كورونا بنهاية العام الجاري أو المقبل https://t.co/mp8Xxfjt2O 	 1
arabic/1E_favorite query:#عاجل.. - روسيا تؤكد أنها ستبدأ إنتاج لقاح #كورونا الروسي "سبوتنيك" في سبتمبر المقبل - روسيا: 20 دولة قدمت طلبات للحصول على لقاح "سبوتنيك" المضاد لكورونا - روسيا: تلقينا طلبات للحصول على مليار جرعة من لقاح "سبوتنيك" المضاد لكورونا #نتصدر_المشهد #COVID19 https://t.co/EFKDvVuzY2 	 12
arabic/1E_favorite query:هل تكون نهاية كورونا على يد العلماء الروس؟ الرئيس الروسي فلاديمير بوتن أعلن في خبر عاجل قبل قليل خروج العلماء بأول لقاح في العالم ضد فيروس كورونا - شخصيا لا اثق فى اى منتج روسى سواء دواء او سلاح - ولكننى اعترف انهم علموا الانظمة البوليسية العربية فن تعذيب المعتقلين وتلفيق التهم https://t.co/MLBSp8otth 	 3
arabic/1E_favorite query:حذاري من اللقاح المطور روسياً ضد #فيروس_كوفيد19 على عجالة، فلقد تجاوز المرحلة الثالثة من تجارب اللقاحات.. والتاريخ ارّخ العواقب الصحية الوخيمة عند استعجال تصنيع اللقاحات للعامة #روسيا #CoronavirusVaccine #COVID19 https://t.co/U08FT4fHDw 	 14
arabic/1E_favorite query:أعلن بوتين عن تسجيل أول لقاح ضد فيروس كورونا التفاصيل| اليوم السابع.. https://t.co/aFhdN8QrCO https://t.co/gitJLj2lxU 	 22
arabic/1E_favorite query:وزارة الصحة تطمئن المواطنين: لم نسجل أي اعراض شديدة او متوسطة لغاية اللحظة لدى من تلقى لقاح كورونا. 	 10
arabic/1E_favorite query:علماء يهدفون إلى إنتاج مليون جرعة من لقاح جديد لـ #كورونا بحلول سبتمبر https://t.co/kLy7IC5PIA https://t.co/MasWllppsK 	 10
arabic/1E_favorite query:⛔️ فيديو خاطئ متداول بين وسائل الإعلام على أنه لابنة الرئيس الروسي فلاديمير بوتين أثناء تلقيها أول لقاح لفيروس كورونا 📍المقطع الأصلي يرجع إلى فيديو نشره موقع "روسيا اليوم" بتاريخ 20 يوليو الماضي لمتطوعة كانت تخضع للقاح تجريبي https://t.co/e5dneOYIcl 	 1
arabic/1E_favorite query:علميا لا اثق ب #لقاح روسي حتى لو شهد له الاولون والاخرون .. واخلاقيا هذا اللقاح (ان صح) كالمال السُحت؛ جاء عبر قرصنة تجارب كندية وامريكية وبريطانية على #فيروس #كورونا! ولذلك لا يستحق #بوتين على هذا 'الانجاز' الا مثل ما يستحقه اي قرصان! #روسيا https://t.co/7RH0rucEpG 	 106
arabic/1E_favorite query:بعد الاستخدام الواسع عالميا هل لقاحات كوفيد 19 آمنة؟ نعم هي آمنة فالآثار الجانبية طفيفة. وبعضها شائع جدا.منها ردة الفعل في موضع الحقن والحمى والقشعريرة والآلام هل يمكن للقاح كوفيد 19 أن ينقل لك فيروس كورونا؟ الجواب؛ لا التطعيم من وسائل العودة الى الحياة تدريجيا ننصح بأخذه! 	 528
arabic/1E_favorite query:رئيس الصندوق الاستثمار الروسي : نحو عشرين بالمئة من طلبات اللقاح الروسي ضد فيروس #كورونا من دول عربية 	 3
